2.368938326835632324e-01
1.934396326541900635e-01
1.654640436172485352e-01
1.441773325204849243e-01
1.276534646749496460e-01
1.138642877340316772e-01
1.022170260548591614e-01
9.127010405063629150e-02
8.211769163608551025e-02
7.347656041383743286e-02
6.593143194913864136e-02
5.991210043430328369e-02
5.296840891242027283e-02
4.779847338795661926e-02
4.297982528805732727e-02
3.867490217089653015e-02
3.452903777360916138e-02
3.077611327171325684e-02
2.777499891817569733e-02
2.450999058783054352e-02
2.263207733631134033e-02
2.028773538768291473e-02
1.797804981470108032e-02
1.616439595818519592e-02
1.447701547294855118e-02
1.288913004100322723e-02
1.147839892655611038e-02
1.072030328214168549e-02
9.121475741267204285e-03
8.607369847595691681e-03
7.608113810420036316e-03
6.361945997923612595e-03
6.043944507837295532e-03
5.357767455279827118e-03
5.204410292208194733e-03
4.335869569331407547e-03
4.098903853446245193e-03
3.511113813146948814e-03
3.035869682207703590e-03
2.637908793985843658e-03
2.481377217918634415e-03
2.609943505376577377e-03
2.025052206590771675e-03
1.685572438873350620e-03
1.505158143118023872e-03
1.671683625318109989e-03
1.357534900307655334e-03
1.610946026630699635e-03
1.160009880550205708e-03
8.664687047712504864e-04
