2.555834054946899414e-01
2.082170695066452026e-01
1.778956949710845947e-01
1.560415625572204590e-01
1.385837495326995850e-01
1.241761520504951477e-01
1.115155965089797974e-01
1.006066724658012390e-01
9.053903818130493164e-02
8.180240541696548462e-02
7.370039075613021851e-02
6.674673408269882202e-02
5.986027047038078308e-02
5.470170080661773682e-02
4.871040582656860352e-02
4.449573904275894165e-02
3.954005986452102661e-02
3.612602502107620239e-02
3.268558159470558167e-02
2.921574749052524567e-02
2.646720595657825470e-02
2.388738840818405151e-02
2.157089859247207642e-02
1.946538127958774567e-02
1.742466352880001068e-02
1.561740040779113770e-02
1.424804795533418655e-02
1.314747799187898636e-02
1.145034097135066986e-02
1.040724944323301315e-02
9.427133016288280487e-03
8.583245798945426941e-03
8.006131276488304138e-03
6.699345074594020844e-03
6.015773862600326538e-03
5.759268999099731445e-03
5.188324023038148880e-03
4.881535191088914871e-03
3.881289158016443253e-03
3.828445449471473694e-03
3.108798293396830559e-03
3.180117812007665634e-03
2.712222514674067497e-03
2.425584942102432251e-03
2.642577048391103745e-03
1.786649925634264946e-03
1.607401762157678604e-03
1.801988226361572742e-03
1.409944146871566772e-03
1.246015541255474091e-03
1.296824193559587002e-03
1.312109641730785370e-03
1.026201993227005005e-03
7.556246127933263779e-04
