2.462076544761657715e-01
2.003801167011260986e-01
1.716622859239578247e-01
1.501202434301376343e-01
1.333398222923278809e-01
1.193242520093917847e-01
1.068755313754081726e-01
9.658765792846679688e-02
8.662911504507064819e-02
7.769915461540222168e-02
7.067081332206726074e-02
6.342335045337677002e-02
5.708443000912666321e-02
5.112951248884201050e-02
4.636121541261672974e-02
4.175620898604393005e-02
3.713035956025123596e-02
3.411782160401344299e-02
3.033019788563251495e-02
2.758699096739292145e-02
2.463119849562644958e-02
2.206103131175041199e-02
1.995538547635078430e-02
1.796044223010540009e-02
1.629496924579143524e-02
1.449183188378810883e-02
1.298342552036046982e-02
1.187290530651807785e-02
1.063250284641981125e-02
9.489462710916996002e-03
8.624996989965438843e-03
7.606403436511754990e-03
7.373282685875892639e-03
6.283449009060859680e-03
5.797092802822589874e-03
4.793003201484680176e-03
4.461025353521108627e-03
4.291853867471218109e-03
3.702718298882246017e-03
3.096457105129957199e-03
3.149360418319702148e-03
2.842285903170704842e-03
2.221185946837067604e-03
2.008145209401845932e-03
2.138909185305237770e-03
2.083774888888001442e-03
1.497305696830153465e-03
1.389257027767598629e-03
1.570670516230165958e-03
1.116669271141290665e-03
5.725828232243657112e-04
