2.659651041030883789e-01
2.158012688159942627e-01
1.839294433593750000e-01
1.611736416816711426e-01
1.433415263891220093e-01
1.281793266534805298e-01
1.152311563491821289e-01
1.040222272276878357e-01
9.371912479400634766e-02
8.475976437330245972e-02
7.635654509067535400e-02
6.921989470720291138e-02
6.234341487288475037e-02
5.621204152703285217e-02
5.103981867432594299e-02
4.605834558606147766e-02
4.153580591082572937e-02
3.761065751314163208e-02
3.393184766173362732e-02
3.035036846995353699e-02
2.781085856258869171e-02
2.496987022459506989e-02
2.257917262613773346e-02
2.034950442612171173e-02
1.848282478749752045e-02
1.677005179226398468e-02
1.480713579803705215e-02
1.373004168272018433e-02
1.211519911885261536e-02
1.095631346106529236e-02
1.016199029982089996e-02
8.984318003058433533e-03
8.019058965146541595e-03
7.490589283406734467e-03
6.738953292369842529e-03
5.871281493455171585e-03
5.490948911756277084e-03
4.781688563525676727e-03
4.549203440546989441e-03
4.030907526612281799e-03
3.402401227504014969e-03
3.285930259153246880e-03
3.114776918664574623e-03
2.632708754390478134e-03
2.434253925457596779e-03
2.032217569649219513e-03
1.778372214175760746e-03
1.873993431217968464e-03
1.730942050926387310e-03
1.498971832916140556e-03
1.226220978423953056e-03
1.051199273206293583e-03
1.135962316766381264e-03
1.134448917582631111e-03
8.718113531358540058e-04
