6.763355756877418301e-01
6.838721160958929346e-01
6.912271969246068792e-01
6.983935595970954813e-01
7.053641317786065734e-01
7.121320343559641719e-01
7.186905882264233991e-01
7.250333208891377446e-01
6.686250133556391750e-01
7.311539728327366428e-01
6.445261022305146525e-01
6.361971499218639359e-01
6.527124247251113731e-01
6.607480384936988971e-01
7.370465037127069685e-01
6.277337874695216868e-01
7.427050983124841022e-01
6.191443671904341972e-01
6.104373658054033092e-01
7.481241722823683826e-01
5.927050983124840799e-01
5.836973318117687493e-01
6.016213760735874549e-01
5.562143943757172915e-01
5.654429724189627970e-01
5.746069661494562775e-01
7.532983776506044782e-01
5.469303395120692635e-01
7.582226081011830265e-01
5.375999700692911665e-01
7.628920040131589309e-01
7.673019572565101809e-01
5.282324939955542753e-01
5.188371558587938637e-01
7.714481157398057620e-01
5.094232277234385098e-01
7.753263877051942421e-01
7.789329457664753154e-01
4.999999999999999445e-01
7.822642306862674921e-01
4.905767722765614902e-01
7.853169548885459150e-01
4.811628441412060253e-01
7.880881057030827419e-01
7.905749483385892118e-01
4.717675060044455027e-01
7.927750285816241860e-01
7.946861752186064054e-01
4.624000299307085560e-01
7.963065021785412645e-01
4.530696604879306810e-01
4.345570275810369809e-01
4.437856056242825420e-01
7.976344103943432406e-01
4.253930338505433895e-01
7.986685893809238879e-01
4.163026681882310287e-01
7.994080185284815343e-01
7.998519681097193690e-01
4.072949016875156980e-01
3.983786239264124895e-01
7.999999999999999334e-01
3.895626341945965798e-01
7.998519681097193690e-01
3.808556328095659138e-01
3.722662125304780911e-01
7.994080185284814233e-01
7.986685893809238879e-01
3.638028500781360086e-01
7.976344103943432406e-01
3.554738977694851809e-01
7.963065021785412645e-01
3.472875752748884048e-01
7.946861752186065164e-01
3.392519615063008809e-01
7.927750285816240750e-01
3.313749866443606584e-01
3.236644243122580034e-01
7.905749483385892118e-01
3.161278839041071209e-01
7.880881057030827419e-01
3.087728030753931208e-01
7.853169548885460260e-01
3.016064404029045187e-01
7.822642306862674921e-01
7.789329457664753154e-01
2.946358682213933156e-01
7.753263877051942421e-01
2.878679656440354950e-01
7.714481157398057620e-01
2.813094117735763788e-01
7.673019572565101809e-01
2.749666791108619779e-01
2.688460271672630797e-01
7.628920040131589309e-01
2.629534962872928094e-01
7.582226081011830265e-01
2.572949016875156758e-01
7.532983776506043672e-01
2.518758277176315064e-01
2.467016223493954941e-01
7.481241722823683826e-01
2.417773918988170012e-01
7.427050983124841022e-01
2.371079959868410136e-01
7.370465037127069685e-01
2.326980427434895138e-01
7.311539728327366428e-01
2.285518842601939882e-01
7.250333208891378556e-01
2.246736122948055914e-01
7.186905882264232881e-01
2.210670542335244904e-01
7.121320343559641719e-01
7.053641317786065734e-01
2.177357693137323136e-01
6.983935595970954813e-01
2.146830451114538907e-01
6.912271969246068792e-01
2.119118942969170916e-01
6.838721160958928236e-01
2.094250516614107049e-01
6.763355756877418301e-01
2.072249714183757863e-01
6.686250133556391750e-01
2.053138247813934003e-01
6.607480384936990081e-01
2.036934978214587078e-01
6.527124247251111511e-01
2.023655896056565928e-01
6.445261022305144305e-01
2.013314106190760011e-01
6.361971499218639359e-01
2.005919814715184935e-01
6.277337874695217979e-01
2.001480318902804922e-01
6.191443671904341972e-01
2.000000000000000111e-01
6.104373658054033092e-01
2.001480318902804922e-01
6.016213760735872329e-01
2.005919814715184935e-01
5.927050983124840799e-01
2.013314106190760011e-01
5.836973318117687493e-01
2.023655896056567038e-01
5.746069661494564995e-01
2.036934978214586800e-01
5.654429724189626860e-01
2.053138247813933726e-01
5.562143943757172915e-01
2.072249714183757585e-01
5.469303395120691524e-01
2.094250516614106772e-01
5.375999700692912775e-01
2.119118942969170638e-01
5.282324939955541643e-01
2.146830451114539740e-01
5.188371558587939747e-01
2.177357693137323691e-01
5.094232277234383988e-01
2.210670542335245736e-01
4.999999999999999445e-01
2.246736122948055636e-01
4.905767722765615457e-01
2.285518842601940714e-01
4.811628441412059698e-01
2.326980427434896803e-01
4.717675060044457247e-01
2.371079959868409859e-01
4.624000299307086670e-01
2.417773918988168624e-01
4.530696604879307365e-01
2.467016223493953830e-01
4.437856056242825420e-01
2.518758277176314508e-01
4.345570275810372585e-01
2.572949016875157313e-01
4.253930338505435560e-01
2.629534962872928650e-01
4.163026681882313618e-01
2.688460271672631352e-01
4.072949016875157535e-01
2.749666791108620334e-01
3.983786239264124340e-01
2.813094117735764343e-01
3.895626341945965243e-01
2.878679656440357171e-01
3.808556328095658583e-01
2.946358682213934266e-01
3.722662125304782577e-01
3.016064404029044632e-01
3.638028500781357311e-01
3.087728030753930653e-01
3.554738977694853475e-01
3.161278839041070654e-01
3.472875752748886269e-01
3.236644243122582254e-01
3.313749866443608250e-01
3.392519615063011029e-01
