2.998519681097194800e-01
2.994080185284814788e-01
2.976344103943433517e-01
2.986685893809239989e-01
2.999999999999999334e-01
2.994080185284814233e-01
2.963065021785412645e-01
2.998519681097194800e-01
2.986685893809239989e-01
2.946861752186065719e-01
2.976344103943432962e-01
2.927750285816241305e-01
2.905749483385892673e-01
2.963065021785413200e-01
2.880881057030828529e-01
2.853169548885459705e-01
2.822642306862675476e-01
2.946861752186066274e-01
2.789329457664753709e-01
2.927750285816240750e-01
2.753263877051943531e-01
2.714481157398058175e-01
2.905749483385893228e-01
2.673019572565102364e-01
2.880881057030829084e-01
2.628920040131589309e-01
2.582226081011830265e-01
2.853169548885460260e-01
2.532983776506044782e-01
2.822642306862676032e-01
2.481241722823684659e-01
2.789329457664754264e-01
2.427050983124841854e-01
2.370465037127070795e-01
2.753263877051944086e-01
2.311539728327367815e-01
2.714481157398058175e-01
2.250333208891378833e-01
2.673019572565102919e-01
2.186905882264234824e-01
2.628920040131588753e-01
2.121320343559642829e-01
2.582226081011830265e-01
2.053641317786065734e-01
1.983935595970955645e-01
2.532983776506044227e-01
1.912271969246068792e-01
1.838721160958928791e-01
2.481241722823684936e-01
1.763355756877419689e-01
2.427050983124842132e-01
1.686250133556391750e-01
1.607480384936989803e-01
1.527124247251112621e-01
2.370465037127071073e-01
1.445261022305144860e-01
1.361971499218639636e-01
1.191443671904341833e-01
1.277337874695217979e-01
2.311539728327368093e-01
1.104373658054033924e-01
2.250333208891379111e-01
1.016213760735873856e-01
2.186905882264233991e-01
9.270509831248421873e-02
2.121320343559640054e-01
8.369733181176883252e-02
2.053641317786064069e-01
7.460696614945640237e-02
1.983935595970953980e-01
6.544297241896281092e-02
1.912271969246067960e-01
5.621439437571741637e-02
1.838721160958929068e-01
4.693033951206927040e-02
1.763355756877419134e-01
3.759997006929133995e-02
1.686250133556392028e-01
2.823249399555427530e-02
1.607480384936990081e-01
1.883715585879406143e-02
1.527124247251115119e-01
1.445261022305147081e-01
9.423227723438518458e-03
1.361971499218637138e-01
1.912967561985726375e-17
1.277337874695214925e-01
-9.423227723438482029e-03
1.191443671904340029e-01
-1.883715585879401633e-02
1.104373658054031981e-01
-2.823249399555430653e-02
1.016213760735873023e-01
-3.759997006929123586e-02
9.270509831248416321e-02
-4.693033951206923571e-02
8.369733181176876313e-02
-5.621439437571737474e-02
7.460696614945647176e-02
-6.544297241896268602e-02
6.544297241896260275e-02
-7.460696614945644400e-02
5.621439437571727760e-02
-8.369733181176873538e-02
4.693033951206920101e-02
-9.270509831248412158e-02
3.759997006929127056e-02
-1.016213760735873856e-01
2.823249399555434122e-02
-1.104373658054032814e-01
1.883715585879384979e-02
-1.191443671904341833e-01
9.423227723438379680e-03
-1.277337874695217701e-01
-5.531210377849774450e-17
-1.361971499218639636e-01
-9.423227723438488967e-03
-1.445261022305145693e-01
-1.883715585879396082e-02
-1.527124247251113731e-01
-2.823249399555418857e-02
-1.607480384936990636e-01
-3.759997006929136770e-02
-1.686250133556391750e-01
-4.693033951206931204e-02
-1.763355756877418856e-01
-5.621439437571738862e-02
-1.838721160958929624e-01
-6.544297241896271378e-02
-1.912271969246068792e-01
-7.460696614945633298e-02
-1.983935595970954813e-01
-8.369733181176887415e-02
-2.053641317786065734e-01
-9.270509831248426036e-02
-2.121320343559641719e-01
-1.016213760735873994e-01
-2.186905882264233714e-01
-1.104373658054032953e-01
-2.250333208891378833e-01
-1.191443671904341001e-01
-2.311539728327366705e-01
-1.277337874695216036e-01
-2.370465037127070795e-01
-1.361971499218641024e-01
-2.427050983124841854e-01
-1.445261022305145970e-01
-1.527124247251112898e-01
-2.481241722823684659e-01
-1.607480384936988971e-01
-1.686250133556393138e-01
-2.532983776506043672e-01
-1.763355756877419966e-01
-2.582226081011830265e-01
-1.838721160958929068e-01
-2.628920040131589309e-01
-1.912271969246069070e-01
-2.673019572565102364e-01
-1.983935595970955923e-01
-2.714481157398057620e-01
-2.053641317786066012e-01
-2.753263877051941311e-01
-2.121320343559643939e-01
-2.789329457664753709e-01
-2.186905882264235101e-01
-2.822642306862675476e-01
-2.250333208891379111e-01
-2.853169548885459705e-01
-2.311539728327368093e-01
-2.880881057030828529e-01
-2.370465037127071073e-01
-2.905749483385892673e-01
-2.427050983124842964e-01
-2.927750285816241305e-01
-2.481241722823686047e-01
-2.946861752186065719e-01
-2.532983776506044782e-01
-2.582226081011830821e-01
-2.963065021785412645e-01
-2.628920040131589864e-01
-2.976344103943432406e-01
-2.673019572565102919e-01
-2.714481157398058730e-01
-2.986685893809239434e-01
-2.753263877051944086e-01
-2.994080185284814233e-01
-2.789329457664754264e-01
-2.822642306862676032e-01
-2.998519681097194245e-01
-2.853169548885460816e-01
-2.880881057030830195e-01
-2.999999999999999334e-01
-2.905749483385893228e-01
-2.927750285816241860e-01
-2.998519681097194245e-01
-2.963065021785412645e-01
-2.946861752186066274e-01
-2.976344103943434072e-01
-2.994080185284814233e-01
-2.986685893809239989e-01
