2.488904911507699713e-01
2.495066821070678620e-01
2.498766400914329000e-01
2.499999999999999722e-01
2.480286753286194135e-01
2.488904911507699991e-01
2.495066821070678620e-01
2.480286753286194690e-01
2.498766400914329000e-01
2.469220851487843871e-01
2.469220851487843593e-01
2.455718126821722080e-01
2.455718126821721803e-01
2.439791904846868864e-01
2.421457902821577690e-01
2.439791904846868031e-01
2.400734214192357663e-01
2.377641290737883828e-01
2.421457902821577135e-01
2.352201922385563637e-01
2.324441214720628646e-01
2.400734214192357108e-01
2.294386564209952850e-01
2.262067631165048665e-01
2.377641290737884106e-01
2.227516310470919747e-01
2.190766700109658682e-01
2.352201922385563915e-01
2.151855067509858832e-01
2.324441214720628923e-01
2.110819813755037688e-01
2.067701435686404854e-01
2.294386564209953128e-01
2.022542485937368628e-01
2.262067631165048109e-01
1.975387530939225755e-01
2.227516310470918914e-01
1.926283106939472856e-01
1.875277674076148982e-01
2.190766700109658127e-01
1.822421568553528604e-01
2.151855067509857999e-01
1.767766952966368654e-01
1.711367764821721815e-01
2.110819813755037133e-01
1.653279663309129843e-01
2.067701435686404021e-01
1.593559974371723809e-01
2.022542485937368073e-01
1.532267634132440659e-01
1.975387530939226033e-01
1.926283106939473133e-01
1.469463130731182843e-01
1.405208444630326736e-01
1.875277674076148982e-01
1.339566987447490809e-01
1.272603539375928017e-01
1.822421568553528048e-01
1.204384185254287892e-01
1.134976249348867011e-01
1.767766952966366989e-01
1.064448228912681926e-01
9.928697265869512734e-02
9.203113817116952144e-02
8.468448006132286987e-02
7.725424859373684894e-02
1.711367764821719872e-01
6.974777650980736043e-02
6.217247179121367789e-02
1.653279663309127900e-01
5.453581034913567577e-02
4.684532864643117106e-02
1.593559974371722976e-01
3.910861626005772418e-02
1.532267634132440104e-01
3.133330839107612009e-02
2.352707832962857085e-02
1.469463130731182010e-01
1.569762988232838163e-02
7.852689769532099004e-03
1.405208444630325904e-01
1.339566987447491919e-01
1.595711661115577247e-17
1.272603539375929127e-01
-7.852689769532069514e-03
-1.569762988232835041e-02
1.204384185254289003e-01
-2.352707832962859860e-02
1.134976249348865068e-01
-3.133330839107603683e-02
1.064448228912679983e-01
-3.910861626005770336e-02
9.928697265869498856e-02
-4.684532864643115024e-02
9.203113817116935491e-02
-5.453581034913559250e-02
8.468448006132275885e-02
-6.217247179121371259e-02
7.725424859373680730e-02
-6.974777650980729105e-02
6.974777650980730492e-02
-7.725424859373677955e-02
6.217247179121373341e-02
-8.468448006132284211e-02
5.453581034913550230e-02
-9.203113817116943818e-02
4.684532864643106698e-02
-9.928697265869516897e-02
3.910861626005766867e-02
-1.064448228912682065e-01
3.133330839107605764e-02
-1.134976249348867011e-01
2.352707832962861942e-02
-1.204384185254289003e-01
1.569762988232821163e-02
-1.272603539375928017e-01
7.852689769531982777e-03
-1.339566987447491919e-01
-4.609341981541478297e-17
-1.405208444630327014e-01
-7.852689769532074718e-03
-1.469463130731183120e-01
-1.569762988232829837e-02
-1.532267634132440937e-01
-2.352707832962848758e-02
-3.133330839107614091e-02
-1.593559974371724086e-01
-3.910861626005775193e-02
-4.684532864643115718e-02
-5.453581034913558556e-02
-1.653279663309129011e-01
-6.217247179121360157e-02
-6.974777650980738819e-02
-1.711367764821722093e-01
-7.725424859373687669e-02
-8.468448006132282824e-02
-9.203113817116943818e-02
-1.767766952966368932e-01
-9.928697265869505795e-02
-1.822421568553528048e-01
-1.064448228912679845e-01
-1.875277674076148982e-01
-1.134976249348866872e-01
-1.926283106939473133e-01
-1.204384185254287892e-01
-1.975387530939226033e-01
-1.272603539375927739e-01
-2.022542485937368073e-01
-1.339566987447490809e-01
-2.067701435686404021e-01
-2.110819813755037133e-01
-1.405208444630326736e-01
-1.469463130731182843e-01
-2.151855067509859110e-01
-1.532267634132440659e-01
-2.190766700109658960e-01
-1.593559974371723809e-01
-2.227516310470918914e-01
-1.653279663309129843e-01
-2.262067631165048109e-01
-1.711367764821721815e-01
-2.294386564209952017e-01
-1.767766952966369765e-01
-2.324441214720628091e-01
-1.822421568553528604e-01
-2.352201922385563915e-01
-1.875277674076148982e-01
-1.926283106939472856e-01
-2.377641290737884106e-01
-1.975387530939225755e-01
-2.400734214192357108e-01
-2.022542485937368906e-01
-2.067701435686404854e-01
-2.421457902821577135e-01
-2.110819813755037966e-01
-2.151855067509859110e-01
-2.439791904846868031e-01
-2.190766700109658682e-01
-2.455718126821722080e-01
-2.227516310470918914e-01
-2.262067631165048665e-01
-2.469220851487843871e-01
-2.294386564209953128e-01
-2.324441214720628646e-01
-2.480286753286194135e-01
-2.377641290737883828e-01
-2.352201922385563915e-01
-2.488904911507699991e-01
-2.421457902821577690e-01
-2.400734214192357940e-01
-2.439791904846868864e-01
-2.495066821070678897e-01
-2.455718126821721803e-01
-2.469220851487843871e-01
-2.480286753286194690e-01
-2.488904911507699991e-01
-2.495066821070678620e-01
-2.498766400914329000e-01
-2.499999999999999722e-01
-2.498766400914329000e-01
