3.585784230381250381e-03
1.675338135100901127e-04
1.231883652508258820e-04
4.807163713849149644e-05
4.243319563101977110e-05
4.815766442334279418e-05
4.288493073545396328e-05
4.683323277276940644e-05
4.225890370435081422e-05
3.629076672950759530e-05
4.542813985608518124e-05
3.405001552891917527e-05
3.625047247624024749e-05
2.878262239391915500e-05
2.657219374668784440e-05
2.513000436010770500e-05
1.945973053807392716e-05
1.952536331373266876e-05
2.237145599792711437e-05
1.843208156060427427e-05
1.529885412310250103e-05
1.339544633083278313e-05
1.413916652381885797e-05
1.582057302584871650e-05
1.390161287417868152e-05
1.001768760033883154e-05
1.274649093829793856e-05
9.971375220629852265e-06
8.171143235813360661e-06
7.284103958227206022e-06
6.717705218761693686e-06
7.991715392563492060e-06
6.709439730911981314e-06
7.131121037673437968e-06
7.819895472493954003e-06
7.030339020275278017e-06
8.395213626499753445e-06
5.713034170184982941e-06
4.660888407670427114e-06
4.242702289047883824e-06
4.472462933335918933e-06
4.942308805766515434e-06
4.585026999848196283e-06
4.056664238305529580e-06
4.920374976791208610e-06
4.158896445005666465e-06
9.981979928852524608e-06
4.922649623040342703e-06
4.320352672948502004e-06
3.089017127422266640e-06
8.449016604572534561e-06
5.015169790567597374e-06
3.042785010620718822e-06
3.106672920694109052e-06
2.960565325338393450e-06
3.232449671486392617e-06
3.214303887943970039e-06
3.493922577035846189e-06
3.230486527172615752e-06
3.118857421213760972e-06
2.935024440375855193e-06
3.104085408267565072e-06
2.945851065305760130e-06
2.761631094472249970e-06
3.049527094844961539e-06
2.293326360813807696e-06
3.288654170319205150e-06
3.394120540178846568e-06
4.209926373732741922e-06
4.657746103475801647e-06
2.329781409571296535e-06
2.564502665336476639e-06
5.978477474855026230e-06
2.149465672118822113e-06
2.355772267037536949e-06
2.922092335211345926e-06
5.330758995114592835e-06
3.833467872027540579e-06
3.645518063422059640e-06
1.891972146950138267e-06
2.481737055859412067e-06
1.917790996230905876e-06
2.421836143184918910e-06
4.281146630091825500e-06
2.530577830839320086e-06
2.238964725620462559e-06
2.272658093716017902e-06
4.292913217796012759e-06
2.682758804439799860e-06
3.250494501116918400e-06
3.323602413729531690e-06
1.868921458481054287e-06
2.121335910487687215e-06
2.683820412130444311e-06
2.395314595560193993e-06
1.845353722274012398e-06
2.495032958904630505e-06
1.623318439669674262e-06
2.023330580414040014e-06
2.877241058740764856e-06
3.541383193805813789e-06
2.703605105125461705e-06
2.377347755100345239e-06
1.992462102862191387e-06
1.542861127745709382e-06
2.832643076544627547e-06
1.498295887358835898e-06
1.536117338218900841e-06
1.982585445148288272e-06
1.852502123256272171e-06
2.338122158107580617e-06
2.133328962372615933e-06
1.681953676779812668e-06
1.426648736924107652e-06
2.290149041073163971e-06
1.675415319368767086e-06
3.246058440709020942e-06
1.512520839241915382e-06
1.943126335390843451e-06
1.649989826546516269e-06
1.252222091352450661e-06
1.623725665922393091e-06
1.393173079122789204e-06
1.309751041844720021e-06
1.944997165992390364e-06
1.777140141712152399e-06
1.108463266064063646e-06
2.903404947574017569e-06
1.378964952891692519e-06
2.302011353094712831e-06
1.387870042890426703e-06
1.220631247633718885e-06
1.059355895449698437e-06
1.286049837290192954e-06
1.332622105110203847e-06
1.839166429817851167e-06
2.600816060294164345e-06
1.360066107736201957e-06
1.717802661005407572e-06
1.018180796563683543e-06
1.048989815899403766e-06
1.916493829412502237e-06
1.723472223602584563e-06
2.482376658008433878e-06
1.386773647027439438e-06
1.817572751861007418e-06
1.485643338128284086e-06
1.180531626232550479e-06
1.204285354106104933e-06
1.644736698835913558e-06
1.410284312441945076e-06
1.802029373720870353e-06
1.490910108259413391e-06
1.092602815333520994e-06
1.166261313301220071e-06
1.162726675829617307e-06
1.085769099518074654e-06
1.036408548316103406e-06
1.703211182757513598e-06
9.814275472308509052e-07
1.715903863441781141e-06
1.281829327126615681e-06
1.521054173281299882e-06
1.856287212831375655e-06
1.288815838051959872e-06
1.172155180029221810e-06
2.154074991267407313e-06
1.266002300326363184e-06
1.568228981341235340e-06
1.272120016437838785e-06
1.420304101884539705e-06
1.392377498632413335e-06
1.433319766874774359e-06
1.035077275446383283e-06
8.243388265327666886e-07
1.295084643970767502e-06
9.645808631830732338e-07
1.237305923496023752e-06
1.232827571584493853e-06
2.342227389817708172e-06
1.374908947582298424e-06
1.920285512824193574e-06
1.047087835104321130e-06
1.350258685306471307e-06
9.669971632320084609e-07
1.090918885893188417e-06
1.762146553119237069e-06
1.177702984023198951e-06
1.173466785076016095e-06
7.531241408287314698e-07
1.278006607208226342e-06
7.952397140797984321e-07
1.142324435932096094e-06
9.739180768519872800e-07
1.287549366679741070e-06
1.200382257593446411e-06
8.941819942265283316e-07
9.740952009451575577e-07
2.620270606712438166e-06
1.181128027383238077e-06
1.161400177807081491e-06
9.974505701393354684e-07
8.610229542682645842e-07
1.226868562298477627e-06
2.451909722367417999e-06
8.052062412389204837e-07
1.192555941997852642e-06
1.013754399536992423e-06
9.390795412400620990e-07
8.548645951123035047e-07
1.299398491028114222e-06
8.172274874596041627e-07
9.359475825476692989e-07
1.328108623965817969e-06
1.425359641871182248e-06
1.005415583676949609e-06
8.385246133002510760e-07
1.010894834507780615e-06
7.835977839931729250e-07
7.694980013184249401e-07
1.305495743508799933e-06
8.017582899810804520e-07
1.156621237896615639e-06
9.718725095808622427e-07
1.073211933544371277e-06
8.644216222819522955e-07
1.122098183259367943e-06
1.250325226465065498e-06
1.696759909464162774e-06
1.264448656002059579e-06
9.048157494362385478e-07
8.655293868287117220e-07
9.467631798543152399e-07
7.652766385035647545e-07
1.010948494695185218e-06
1.380560320285439957e-06
9.074145168597169686e-07
6.543458539454150014e-07
1.123863967222860083e-06
1.221900902237393893e-06
1.583208586453110911e-06
1.011470430967165157e-06
8.311932333526783623e-07
2.221815293523832224e-06
9.219306207342015114e-07
8.360934771189931780e-07
1.219972091348608956e-06
5.938850335951428860e-07
7.124402827685116790e-07
8.166987868207797874e-07
7.825182137821684591e-07
9.105747267312835902e-07
6.936943464097566903e-07
8.544768661522539333e-07
1.029426584864268079e-06
8.850631729728775099e-07
9.023123652696085628e-07
1.142219957728229929e-06
7.920477855805074796e-07
8.178753887477796525e-07
7.385511935353861190e-07
1.128034909925190732e-06
1.226587755809305236e-06
8.026694331420003437e-07
7.529870345024392009e-07
6.906340104251285084e-07
1.028255042001546826e-06
8.320465667566168122e-07
1.179186710942303762e-06
1.164253490060218610e-06
7.455340664819232188e-07
5.480063123286527116e-07
1.113044163503218442e-06
1.139536834671162069e-06
8.419612527177378070e-07
8.400795650231884792e-07
8.431685500909225084e-07
1.295053493777231779e-06
9.159304568129300606e-07
1.038356117533112410e-06
1.037039510265458375e-06
6.513774906125036068e-07
8.549613994546234608e-07
6.345253495965152979e-07
9.786688224266981706e-07
8.436549023826955818e-07
8.600345609011128545e-07
8.914225873013492674e-07
8.038899750317796133e-07
1.022530682348588016e-06
7.809327371433028020e-07
6.922845159351709299e-07
9.174111710308352485e-07
5.727522420784225687e-07
6.971607717787264846e-07
1.069988798008125741e-06
8.810286544758128002e-07
6.692141027997422498e-07
7.153357728384435177e-07
8.199848480217042379e-07
7.857537411837256514e-07
7.159671326917305123e-07
1.010903929454798345e-06
1.115672034757153597e-06
7.014035645624971949e-07
1.049149204845889471e-06
6.052717935745022260e-07
9.146962725026241969e-07
8.130386390803323593e-07
6.082135541873867624e-07
1.345516920991940424e-06
7.854198429413372651e-07
6.638917966483859345e-07
8.804969411357888021e-07
8.253729788521013688e-07
7.469910769941634499e-07
6.403054726433765609e-07
5.919379191254847683e-07
6.143446285022946540e-07
5.823526407766621560e-07
5.572446752921678126e-07
7.202262395367142744e-07
8.904081028049404267e-07
7.708372322667855769e-07
5.526550808099273127e-07
7.503275583076174371e-07
6.837661885583656840e-07
6.153504727990366518e-07
7.554933745268499479e-07
6.895552360219880939e-07
7.580574674648232758e-07
5.508345566340722144e-07
7.322305464185774326e-07
8.515250442542310338e-07
5.838485321874031797e-07
6.293523142630874645e-07
6.581083198398118839e-07
5.860416649738908745e-07
5.411429242485610303e-07
9.117306944972369820e-07
7.314936283364659175e-07
9.446960120840230957e-07
6.538117531817988493e-07
7.138806950024445541e-07
7.182579224718210753e-07
7.410702664856216870e-07
4.850861046179488767e-07
7.626754268130753189e-07
7.012753258095472120e-07
5.483447012011311017e-07
7.213877779577160254e-07
7.845683285268023610e-07
6.962770839891163632e-07
7.310690648409945425e-07
5.553017672355053946e-07
7.592072961415397003e-07
1.016445366985863075e-06
6.708218052153824829e-07
8.042032959565403871e-07
1.068581241270294413e-06
9.792681794351665303e-07
4.275864569081022637e-07
1.209372385346796364e-06
6.192724981701758225e-07
7.543291076217428781e-07
6.029584938005427830e-07
8.338516863659606315e-07
1.001169039227534086e-06
6.051001832929614466e-07
5.672580982718500309e-07
6.791653959226096049e-07
7.162088309087266680e-07
5.818741897201107349e-07
7.674238986510317773e-07
7.986961918504675850e-07
5.629824499919777736e-07
7.013460390226100571e-07
6.096968832025595475e-07
8.118474852381041273e-07
6.032962573954137042e-07
7.127484877855749801e-07
6.122799049990135245e-07
6.270244625738996547e-07
6.222754791451734491e-07
6.622072987738647498e-07
5.383631673794297967e-07
4.669756208386388607e-07
4.941331326335784979e-07
6.137908030723338015e-07
8.085156650849967264e-07
5.139239647178328596e-07
6.255191351556277368e-07
6.256566393858520314e-07
6.523821411974495277e-07
7.181798764577251859e-07
7.980296459209057502e-07
7.889818789408309385e-07
8.380596909773885272e-07
6.938163323866319843e-07
6.058598955860361457e-07
7.366065801761578768e-07
5.711898438676143996e-07
5.803315730190661270e-07
7.120528380255564116e-07
6.869776711937447544e-07
4.782510245604498778e-07
5.912709184485720471e-07
7.087458016030723229e-07
8.543365765945054591e-07
5.861720637767575681e-07
5.210454219195526093e-07
5.649675358654349111e-07
5.724881475543952547e-07
9.056387852979241870e-07
6.256473170651588589e-07
5.156029487807245459e-07
6.315150358204846270e-07
7.859254651521041524e-07
7.238707553369749803e-07
5.976164629828417674e-07
5.761405645898776129e-07
5.719252840208355337e-07
7.215473942778771743e-07
7.169164746301248670e-07
5.478236175804340746e-07
6.473677558460622095e-07
7.712382057434297167e-07
5.918445253882964607e-07
4.966572646480926778e-07
6.194389925440191291e-07
6.179935212458076421e-07
7.724283932475373149e-07
7.507011332563706674e-07
4.982849759471719153e-07
5.786052952316822484e-07
7.252256182255223393e-07
4.912520807920373045e-07
5.356671408662805334e-07
5.660712076860363595e-07
6.916882284713210538e-07
3.835821189568378031e-07
7.267275350386626087e-07
4.467217422643443570e-07
5.296863605508406181e-07
8.740348675928544253e-07
5.595139782599289902e-07
7.671563935218728147e-07
6.750815941813925747e-07
4.869124836659466382e-07
8.734783705222071148e-07
6.653489208474638872e-07
5.195673224989150185e-07
6.431135943785193376e-07
5.372427835936832707e-07
5.298295491229509935e-07
5.262072590994648635e-07
6.015932285663438961e-07
7.728431228315457702e-07
5.306476396071957424e-07
1.223136450789752416e-06
5.111274958835565485e-07
5.678352863469626755e-07
5.797336939394881483e-07
5.593566356765222736e-07
1.094280150937265716e-06
6.579181217603036202e-07
8.076784183685958851e-07
6.659747668891213834e-07
6.853661034256219864e-07
6.033618547007790767e-07
4.591437345879967324e-07
6.782995569665217772e-07
5.611614142253529280e-07
5.310509436640131753e-07
6.052091521269176155e-07
8.651368261780589819e-07
6.279240096773719415e-07
3.744466425814607646e-07
5.686871418220107444e-07
8.970888529802323319e-07
6.317143288470106199e-07
5.116969532537041232e-07
6.135106787041877396e-07
4.495863095144159161e-07
7.134665338526247069e-07
5.184292035664839204e-07
6.204467126735835336e-07
6.199567224030033685e-07
5.757675580753129907e-07
5.427641553978901356e-07
6.755868753316462971e-07
5.313249857863411307e-07
5.962002660453435965e-07
6.100810878706397489e-07
5.572878194470831659e-07
5.803191811537544709e-07
5.729293661715928465e-07
5.921145884713041596e-07
5.984804829495260492e-07
5.970193797111278400e-07
5.635803859149746131e-07
6.843679898338450585e-07
5.956608788437733892e-07
5.744389000028604642e-07
6.681933655272587202e-07
5.459844487631926313e-07
5.161855938240478281e-07
3.825683450031647226e-07
5.711377752959378995e-07
4.732004299512482248e-07
5.025251539336750284e-07
4.542888518699328415e-07
4.826449639949714765e-07
5.581014193012379110e-07
6.070436597838124726e-07
4.988962700736010447e-07
4.414782779349479824e-07
5.021548190597968642e-07
6.936901399967609905e-07
5.862543162038491573e-07
5.065557502348383423e-07
4.985520263289799914e-07
4.717374508800276089e-07
4.820263939109281637e-07
5.662737976308562793e-07
5.537607421501888894e-07
5.750179070673766546e-07
5.517572390090208501e-07
3.991243602285976522e-07
1.268879941562772729e-06
6.418910061256610788e-07
6.226909476936270948e-07
5.033407433074899018e-07
5.476491082845313940e-07
5.706015144824050367e-07
5.042984412284567952e-07
6.596363846256281249e-07
4.012028114175336668e-07
5.427413043435080908e-07
4.449227617442375049e-07
5.434823151517775841e-07
4.938724487146828324e-07
4.333804213274561334e-07
5.319581646290316712e-07
5.447295734484214336e-07
5.426071538749965839e-07
5.121399340168864001e-07
4.722426183434436098e-07
4.729011493509460706e-07
6.637495744143961929e-07
3.989657670899759978e-07
5.798624442832078785e-07
5.135979108672472648e-07
4.559378226076660212e-07
4.591510105456109159e-07
4.514888587436871603e-07
5.915343876949918922e-07
5.395406788011314347e-07
4.737426593237614725e-07
5.195574885874520987e-07
7.023186299193184823e-07
4.617357376446307171e-07
5.135592573424219154e-07
4.163845233051688410e-07
4.572850684780860320e-07
4.480099278225679882e-07
6.225053539310465567e-07
6.073130407457938418e-07
4.309109442601766204e-07
4.530493242782540619e-07
4.975084380021144170e-07
4.977078447154781315e-07
5.966834919490793254e-07
4.071730472787749022e-07
4.668573012622800888e-07
4.946380158799001947e-07
4.943425437886617146e-07
5.487904672918375582e-07
5.433041110336489510e-07
5.598748202828573994e-07
5.492556738317944109e-07
5.596363052973174490e-07
4.661282559936807957e-07
4.382400220492854714e-07
4.137174300922197290e-07
4.633650974028569181e-07
4.995794142814702354e-07
4.967767495145380963e-07
5.101769602333661169e-07
5.009307528780482244e-07
4.669711017868394265e-07
6.324097512333537452e-07
5.123641813042922877e-07
5.222244112701446284e-07
4.892788183497032151e-07
5.728113592340378091e-07
4.491894287639297545e-07
4.795999757334357128e-07
6.146999567135935649e-07
6.145162387838354334e-07
4.143676051171496511e-07
5.131520879331219476e-07
5.345129920897306874e-07
4.482346298573247623e-07
5.886781764274928719e-07
4.367789188108872622e-07
4.176197307970141992e-07
7.569160516140982509e-07
5.492628361025708728e-07
4.034772587147017475e-07
5.951363846179447137e-07
5.720743843085074332e-07
5.420731667982181534e-07
4.081528857113880804e-07
5.405817660175671335e-07
4.861816478296532296e-07
4.930008117298712023e-07
5.409801815403625369e-07
4.558334580906375777e-07
6.434325996451661922e-07
4.947570459989947267e-07
5.876701152374153025e-07
4.331009790803364012e-07
5.036658876633737236e-07
4.718806394521379843e-07
4.750026789679395733e-07
4.294963105166971218e-07
4.538703137768607121e-07
4.561207447295601014e-07
5.105418949824525043e-07
5.529156510419852566e-07
6.090938313718652353e-07
5.515326506611017976e-07
5.259668682811025064e-07
5.254736379356472753e-07
4.238355586494435556e-07
6.348435590552981012e-07
4.365660402072535362e-07
3.836092901110532694e-07
3.028268338312045671e-07
4.673527769227803219e-07
4.260484161022759508e-07
4.923164738102059346e-07
4.912324698125303257e-07
4.689096329002495622e-07
7.844878382456954569e-07
4.070929833233094541e-07
4.115214551347889937e-07
3.891622668561467435e-07
3.428863522003666731e-07
3.299765580777602736e-07
5.047004947300592903e-07
5.312690518621820956e-07
4.794688379661238287e-07
4.906794401904335245e-07
4.406336984175140969e-07
4.652976599572866689e-07
5.058755618847499136e-07
3.358675826348189730e-07
4.334181369358702796e-07
4.214758746456936933e-07
5.254038342172862031e-07
4.747570301333325915e-07
4.815164516003278550e-07
5.240966061137442011e-07
4.250368021985195810e-07
4.187497779639670625e-07
5.833319960402150173e-07
3.936618213629117236e-07
4.687853447649104055e-07
4.497149461712979246e-07
7.041391540951735806e-07
4.855129418501746841e-07
4.527223040895478334e-07
4.064486915922316257e-07
3.632688105881243246e-07
5.589089369095745496e-07
4.203401999802736100e-07
4.569638178963941755e-07
4.306232028739032103e-07
4.154325097260880284e-07
4.001924480689922348e-07
5.069483108854910824e-07
4.719862545243813656e-07
4.076829327459563501e-07
3.832983566098846495e-07
5.010456334275659174e-07
4.099404691260133404e-07
3.862289759126724675e-07
5.587825171460281126e-07
5.588458407146390527e-07
4.118456331525521819e-07
4.716811190519365482e-07
5.103547664475627244e-07
4.017707055936625693e-07
4.812073370885627810e-07
4.387537728689494543e-07
3.890988864441169426e-07
3.820332210580090759e-07
5.093306754133664072e-07
3.859136086248327047e-07
4.018826871288183611e-07
5.096934501125360839e-07
4.629718546311778482e-07
5.505308990905177779e-07
5.569326049226219766e-07
3.689875711643253453e-07
5.954858579571009614e-07
4.633271828424767591e-07
3.783589477279747371e-07
4.936651407660974655e-07
5.076512934465426952e-07
5.298688847688026726e-07
4.248991558597481344e-07
4.879493644693866372e-07
4.275413516552362125e-07
4.256519332557218149e-07
4.076308073308609892e-07
4.249471885486855172e-07
4.339767372130154399e-07
3.652559712463698816e-07
4.054932674080191646e-07
4.500293471210170537e-07
6.647474037890788168e-07
3.284869762865127996e-07
3.255285605519020464e-07
4.044234742650587577e-07
4.281870928934949916e-07
3.926450062863295898e-07
4.716176249530690257e-07
3.792717393480415922e-07
4.650843834497209173e-07
3.832225843325431924e-07
3.795706220444117207e-07
4.146868946008908097e-07
4.729650697754550492e-07
5.265933396003674716e-07
3.229877449939522194e-07
4.054845703649334610e-07
4.320596076468063984e-07
4.030348463857080787e-07
4.289044568395183887e-07
5.199177621761918999e-07
4.133935931349697057e-07
3.893777034136292059e-07
4.692945481110655237e-07
4.109887186132255010e-07
3.751505630589235807e-07
3.698359876125323353e-07
4.476212893678166438e-07
4.135559379392361734e-07
4.394601660351327155e-07
4.607705363923741970e-07
4.884374789071443956e-07
4.093573124919203110e-07
4.138872782277758233e-07
4.167767428953084163e-07
4.188272555438743439e-07
4.519786784840107430e-07
3.587792605230788467e-07
4.419695187607430853e-07
4.392432515487598721e-07
4.384035037219291553e-07
3.891163942171260715e-07
3.532801429173559882e-07
5.004249601370247547e-07
4.859085720454459079e-07
3.130490142666531028e-07
5.245904048933880404e-07
4.062412415350991068e-07
3.987596812748961383e-07
5.057306680100737140e-07
4.088641958333028015e-07
3.594649911065062042e-07
4.185029069958545733e-07
4.705683238626079401e-07
4.238475810325326165e-07
4.150306267547421157e-07
4.205343202556832694e-07
4.341980570643499959e-07
4.150486176968115615e-07
4.395247401589585934e-07
3.488424908937304281e-07
4.410039196045545395e-07
3.845566425297874957e-07
3.520228233355737757e-07
4.266101427674584556e-07
4.633055254998907913e-07
4.998954068469174672e-07
4.223526843816216569e-07
4.359910690254764631e-07
4.432227456163673196e-07
3.933971584046958014e-07
4.537729978437710088e-07
4.230145691508369055e-07
4.426557325132307597e-07
3.576888047973625362e-07
3.778033033086103387e-07
4.132177764404332265e-07
4.008041969427722506e-07
3.368988359397917520e-07
3.536379722390847746e-07
4.641737518795707729e-07
4.290859010325220879e-07
3.381255169188079890e-07
4.229319188198132906e-07
4.321419169173168484e-07
3.490899871394503862e-07
3.863021333927463274e-07
3.605057372624287382e-07
4.084090221567748813e-07
5.248650722933234647e-07
4.219644438308023382e-07
5.142355234966089483e-07
4.442411807303869864e-07
3.418153369239007588e-07
3.930103389393480029e-07
3.377163011464290321e-07
4.117385401514184196e-07
4.323848088461090811e-07
3.755351087875169469e-07
4.026227315989672206e-07
4.214401769786491059e-07
4.331211584940319881e-07
4.087061142854508944e-07
4.713027976777084405e-07
4.065948360221227631e-07
3.980165388384193648e-07
4.455066857644851552e-07
5.180530706638819538e-07
3.849797849397873506e-07
4.014409853425604524e-07
3.786736044730787398e-07
3.787942546296108048e-07
4.255884960002731532e-07
3.452549606208776822e-07
4.079288942193670664e-07
3.702214144141180441e-07
3.627861246968677733e-07
3.299719537608325481e-07
3.585324179766757879e-07
4.041213514938135631e-07
3.441227249822986778e-07
4.370963040400965838e-07
3.505331562791980105e-07
4.308550956011458766e-07
3.808046358244610019e-07
3.603154254960827529e-07
3.824152940978819970e-07
3.738289251487003639e-07
3.114883497801201884e-07
4.301023182051721960e-07
3.198217655153712258e-07
4.353381370947317919e-07
4.226049838962353533e-07
4.372444095679384191e-07
4.026450426408700878e-07
5.272653993415588047e-07
4.028979674330912530e-07
4.005621576652629301e-07
4.120936978324607480e-07
3.596492490487435134e-07
3.870429168273403775e-07
3.836023552139522508e-07
3.670353407869697548e-07
4.328402951614407357e-07
3.766514282688149251e-07
3.773344019464275334e-07
4.317885782256780658e-07
4.132164690417994279e-07
3.300571904674143298e-07
4.057964133608038537e-07
4.057951628055889159e-07
3.634270342445233837e-07
4.058570084453094751e-07
4.075029096384241711e-07
3.130507195692189271e-07
3.970500301875290461e-07
3.023849330929806456e-07
4.092391350241086911e-07
4.547028424894961063e-07
3.828602643807244021e-07
3.587882702049682848e-07
4.089874892088118941e-07
4.072354045092652086e-07
4.031633693557523657e-07
3.748929771063558292e-07
4.096359873528854223e-07
3.107167003690847196e-07
4.443409125087782741e-07
3.239676402699842583e-07
3.895551685673126485e-07
3.738096836514159804e-07
3.669665034067293163e-07
3.965162420627166284e-07
3.683603608806151897e-07
3.703457309711666312e-07
3.741166096915549133e-07
3.616697199504415039e-07
3.487077719910303131e-07
3.631820959526521619e-07
3.655226805676647928e-07
4.119676759728463367e-07
3.922771156794624403e-07
3.263709800194192212e-07
3.646480308816535398e-07
3.929306444661051501e-07
3.439153601902944501e-07
3.925088094547390938e-07
3.475100243122142274e-07
4.834107016904454213e-07
4.225809107083478011e-07
3.770434773286979180e-07
3.773058949718688382e-07
3.629843661201448413e-07
4.283170085273013683e-07
3.769516183638188522e-07
3.337535758873855229e-07
4.096645795925724087e-07
3.815589195710344939e-07
3.562822712410707027e-07
3.344990773257450201e-07
4.198155636458977824e-07
3.576016638362489175e-07
4.095882388810423436e-07
3.655452474049525335e-07
3.832105335277447011e-07
3.620957613748032600e-07
3.303910318663838552e-07
4.016357593172870111e-07
3.176373297719692346e-07
3.132686288154218346e-07
3.769616228055383544e-07
3.756017008527123835e-07
3.827586851912201382e-07
3.296283352938189637e-07
2.814927597682981286e-07
3.090702307417814154e-07
3.185117805060144747e-07
3.348570203343115281e-07
4.036110965444095200e-07
4.140977978295268258e-07
3.316608285786060151e-07
3.658867626654682681e-07
3.559617312021146063e-07
2.900064259847567882e-07
3.994447013155877357e-07
3.077173289511847543e-07
4.096710881640319712e-07
3.760755475923360791e-07
3.484414321519579971e-07
3.716429262112797005e-07
3.559526362550968770e-07
4.080642952430935111e-07
3.797269414462789427e-07
3.712159468705067411e-07
2.700576260394882411e-07
3.904902996509918012e-07
3.528261629526241450e-07
3.733370306235883618e-07
3.007655209330550861e-07
2.967518071272934321e-07
3.669455566068791086e-07
3.730756930053757969e-07
3.103021413153328467e-07
3.099851255683461204e-07
3.814600972873449791e-07
3.713596470333868638e-07
4.466879772735410370e-07
3.190110078321595211e-07
3.567070052667986602e-07
4.434063214375782991e-07
3.304107281110191252e-07
4.343094701653171796e-07
3.273416950833052397e-07
3.547428946149011608e-07
4.335190908477670746e-07
4.011545229332114104e-07
3.328001980662520509e-07
4.671362034969206434e-07
3.285991851953440346e-07
2.882786702684825286e-07
3.714831109391525388e-07
3.732054381089255912e-07
3.535682253641425632e-07
3.331678044560248964e-07
3.025133992196060717e-07
3.432014068494027015e-07
4.695921802522207145e-07
3.442441425249853637e-07
4.076532604813110083e-07
3.712855516369018005e-07
4.053246698276780080e-07
3.952034717258356977e-07
4.399537942845199723e-07
2.775844052393949823e-07
3.629758964507345809e-07
4.342231818554864731e-07
4.140309499689465156e-07
3.854988506191148190e-07
4.162125151196960360e-07
3.216562731722660828e-07
3.451785914876381867e-07
3.356231843554269290e-07
3.514005015858856495e-07
3.765561302770947805e-07
3.523572900121507701e-07
3.466295197540603112e-07
3.437444320297800004e-07
3.938440613637794740e-07
3.453449153312249109e-07
3.211574437500530621e-07
3.183315868682257133e-07
3.809262807408231311e-07
3.971106821154535282e-07
3.530764161041588522e-07
3.874548610838246532e-07
3.074144672154943692e-07
3.062955329369287938e-07
4.103474111616378650e-07
3.865264943669899367e-07
3.792375196098873857e-07
4.361598939794930629e-07
3.212525427898071939e-07
2.882682963445404312e-07
4.342770694165665191e-07
4.520633183346944861e-07
4.370051556179532781e-07
3.523681186834437540e-07
3.664401333480782341e-07
4.384862961614999222e-07
3.550051417278154986e-07
3.857889225855615223e-07
3.824149530373688322e-07
3.129205765617371071e-07
3.198294393769174349e-07
3.078855002058844548e-07
4.675308673540712334e-07
3.453143335718777962e-07
3.914403237104124855e-07
3.354784041675884509e-07
3.860407673528243322e-07
3.370792569512559567e-07
3.129759988951263949e-07
3.275955009485187475e-07
3.170053446410747711e-07
3.526186560520727653e-07
3.300445428067178000e-07
3.880389272126194555e-07
4.482865278987446800e-07
3.176864424858649727e-07
3.535750181526964298e-07
3.441498108713858528e-07
3.949357676447107224e-07
3.147370648548530880e-07
3.789773188600520371e-07
3.073342327297723386e-07
3.460517632447590586e-07
2.944380526059831027e-07
2.995936370098206680e-07
3.489249138510785997e-07
2.661225266820110846e-07
3.283171281509567052e-07
2.954904516627721023e-07
3.668467911666084547e-07
3.252667397646291647e-07
3.734467668436991517e-07
3.232934773222950753e-07
3.359906486366526224e-07
3.364572194186621346e-07
3.413829858800454531e-07
3.088359221692371648e-07
3.233270149394229520e-07
3.104457562130846782e-07
3.461336177679186221e-07
3.407175768188608345e-07
3.303493372186494526e-07
3.772154002490424318e-07
3.153246552756172605e-07
3.498765579479368171e-07
3.539885256031993777e-07
3.256951117691642139e-07
3.665378471850999631e-07
3.390331642094679410e-07
3.848108462989330292e-07
3.446691607678076252e-07
3.120271117040829267e-07
3.956490104428667109e-07
4.093591314813238569e-07
3.583328123113460606e-07
3.727189152868959354e-07
3.014267235812440049e-07
3.430863841913378565e-07
3.695114401125465520e-07
3.227752927159599494e-07
2.851621729860198684e-07
3.161069344059797004e-07
3.618299615482101217e-07
3.177744645199709339e-07
3.243310686684708344e-07
3.589449022456392413e-07
3.583272984997165622e-07
2.690291012186207809e-07
3.565088206869404530e-07
3.287191248091403395e-07
3.431831601119483821e-07
3.898167619809100870e-07
3.885577939399809111e-07
3.337594307595281862e-07
3.931794481104589067e-07
3.960365972943691304e-07
3.933220114049618132e-07
3.051652015528816264e-07
2.814913955262454692e-07
3.072083529787050793e-07
3.195486897311639041e-07
3.638251655502244830e-07
3.500617822282947600e-07
3.761323910111968871e-07
3.090777624947804725e-07
2.963724057281069690e-07
3.453282602094986942e-07
2.745647407209617086e-07
3.417322318455262575e-07
3.030714879059814848e-07
3.252500562211935176e-07
3.630656237874063663e-07
3.648783604148775339e-07
3.412528997159824939e-07
3.730864648332499200e-07
3.627428100116958376e-07
3.549157838733663084e-07
4.063152800881653093e-07
3.019073346877121367e-07
3.760565334687271388e-07
3.349410349073878024e-07
4.582901738103828393e-07
3.800584522650751751e-07
3.094340570442000171e-07
3.416750473661522847e-07
3.311862428745371290e-07
3.598356670408975333e-07
3.381380793143762276e-07
3.090308098308014451e-07
2.886925756229175022e-07
3.479977124243305298e-07
3.585645629300415749e-07
3.038379645659006201e-07
3.052354884403030155e-07
3.748880317289149389e-07
3.590998858271632344e-07
3.471782292763236910e-07
3.314123091513465624e-07
2.998030481649038848e-07
2.823446152433461975e-07
3.469162379587942269e-07
3.395614385226508602e-07
3.498719536310090916e-07
3.123029728158144280e-07
3.417069933675520588e-07
3.203827532161085401e-07
2.898734692280413583e-07
3.267275587859330699e-07
3.933002403755381238e-07
3.145759706058015581e-07
2.991660892348591005e-07
3.562987558325403370e-07
2.715752032145246631e-07
3.521833491504366975e-07
3.081875092902919278e-07
2.970448349515208974e-07
3.406698851904366165e-07
3.320059818179288413e-07
2.994495389430085197e-07
3.270585864356689854e-07
3.608685119615984149e-07
3.132047368126222864e-07
2.812006982821912970e-07
3.470284752893348923e-07
3.020209646820148919e-07
2.864562702598050237e-07
3.680153781715489458e-07
2.926705917616345687e-07
2.852815441656275652e-07
3.934850383302546106e-07
3.968563930811797036e-07
2.941058880878699711e-07
3.164117288179113530e-07
3.250927989029150922e-07
3.908861572199384682e-07
3.314283674171747407e-07
3.762427809306245763e-07
3.815704303633538075e-07
3.811766191574861296e-07
2.813454784700297751e-07
3.792019356296805199e-07
3.306736573449597927e-07
3.223349835934641305e-07
3.706489337673701812e-07
3.561291919140785467e-07
3.112717763542605098e-07
3.040296974177181255e-07
3.394183067939593457e-07
3.437264695094199851e-07
2.667491969532420626e-07
3.733254061444313265e-07
2.964762302326562349e-07
3.069840204261709005e-07
3.166858846270770300e-07
2.783498302960651927e-07
3.253020963711605873e-07
3.702393485127686290e-07
3.994641986082569929e-07
4.140506462135817856e-07
3.151556597913440783e-07
3.226732019356859382e-07
2.878102520753600402e-07
2.648223755841172533e-07
2.916051755619264441e-07
2.744661173892382067e-07
2.886879428842803463e-07
2.799397975650208537e-07
3.143470053146302234e-07
3.106843564637529198e-07
3.223973408239544369e-07
3.001918003064929508e-07
3.271921968917013146e-07
3.154906949021096807e-07
3.586550008094491204e-07
2.925029320977046154e-07
3.230599077141960151e-07
3.348979760176007403e-07
3.257590037719637621e-07
2.874926963158941362e-07
3.486572950350819156e-07
2.788449933177616913e-07
2.883865306557709118e-07
2.619962060634861700e-07
2.785991171094792662e-07
2.943635308838565834e-07
3.499809508866746910e-07
3.160908761401515221e-07
3.167330362430220703e-07
2.822172007199696964e-07
3.572585853817145107e-07
3.100706180703127757e-07
3.073553500598791288e-07
3.282553961980738677e-07
3.004459472322196234e-07
3.491152824608434457e-07
3.500570642245293129e-07
3.142555442536831833e-07
2.862870189801469678e-07
2.986530489579308778e-07
3.079529733440722339e-07
3.139273303531808779e-07
3.074175367601128528e-07
3.190936865848925663e-07
3.265646739691874245e-07
3.410374631585000316e-07
3.228471427974000107e-07
3.190992288182314951e-07
3.189161930094996933e-07
3.331171001264010556e-07
3.440682121436111629e-07
3.082701596213155426e-07
3.153648435727518518e-07
2.650142505444819108e-07
3.458794708421919495e-07
3.200192395524936728e-07
3.031408652987011010e-07
2.881292857637163252e-07
3.250693225709255785e-07
3.117957589893194381e-07
3.152174770093552070e-07
2.926817046500218567e-07
3.233515997180802515e-07
3.654695888144487981e-07
3.592231792026723269e-07
2.939056571449327748e-07
3.797833016960794339e-07
3.183942567375197541e-07
2.682135118448059075e-07
2.771608080820442410e-07
3.591617314668837935e-07
3.580929046620440204e-07
3.375929509275010787e-07
3.575609639483445790e-07
3.244806805469124811e-07
3.158514800816192292e-07
3.109519184363307431e-07
2.642663616825302597e-07
3.401257799851009622e-07
3.018834036083717365e-07
3.304837150608364027e-07
3.596750275391968898e-07
3.329192281853465829e-07
3.240056116737832781e-07
3.564161659141973360e-07
2.971260073536541313e-07
3.227099796276888810e-07
3.259584104853274766e-07
3.460491200257820310e-07
3.171653020217490848e-07
3.295559167781902943e-07
3.276558118159300648e-07
3.468597071787371533e-07
3.171871583163010655e-07
3.606656662213936215e-07
3.290013808054936817e-07
3.160037920224567642e-07
3.213474712993047433e-07
2.831196468378038844e-07
3.521969347275444306e-07
3.223594831069931388e-07
3.002920720973634161e-07
3.259131062804954126e-07
3.230461231851222692e-07
2.797486899908108171e-07
3.169429305671656039e-07
2.599570052552735433e-07
3.138177078199078096e-07
3.106318331447255332e-07
2.952696149804978631e-07
3.561246444405696820e-07
3.261785082031565253e-07
2.939292187420505797e-07
2.587000267340044957e-07
2.558148821663053241e-07
3.198755962330324110e-07
3.135763790851342492e-07
2.959684479719726369e-07
2.913063497089751763e-07
2.940279841823212337e-07
3.002388666573096998e-07
3.427758485941012623e-07
3.384744218237756286e-07
3.369429464328277390e-07
3.575595712845824892e-07
3.154107730551913846e-07
2.810649561979516875e-07
3.432226947097660741e-07
3.304839424345118459e-07
3.168674425069184508e-07
2.838849582076363731e-07
3.345424488543358166e-07
3.795182408339314861e-07
3.300332878097833600e-07
3.059189737086853711e-07
2.878223313018679619e-07
3.268850718995963689e-07
3.204729068784217816e-07
3.714462195603118744e-07
3.334194218496122630e-07
2.978432291911303764e-07
3.576583935682720039e-07
2.571270556472882163e-07
2.810449473145126831e-07
3.389067444459215039e-07
3.555767875695892144e-07
3.369787577867100481e-07
3.390174470041529275e-07
2.809878765219764318e-07
3.400149921617412474e-07
3.473761012173781637e-07
2.700551817724772263e-07
3.293431518613942899e-07
3.382382942618278321e-07
3.542215836205286905e-07
2.911751835199538618e-07
3.088327105160715291e-07
4.048077926199766807e-07
3.249480755584954750e-07
3.555612693162402138e-07
3.338798535423848080e-07
3.208934344911540393e-07
3.114265041403996293e-07
2.621958117288158974e-07
2.605722784210229293e-07
3.504334245008067228e-07
3.083673618675675243e-07
3.809215058936388232e-07
2.925577859969052952e-07
3.729706747890304541e-07
2.929446054622530937e-07
3.591835024963074829e-07
3.745435606106184423e-07
2.940311105703585781e-07
3.538085593390860595e-07
3.198965714545920491e-07
3.990269874520890880e-07
3.135253336949972436e-07
3.892329800692095887e-07
3.181171450705733150e-07
3.397021828277502209e-07
3.620409074756025802e-07
3.520890174968371866e-07
3.390863128061027965e-07
3.886844410772027913e-07
2.707112685129686724e-07
3.565693020846083527e-07
3.070276761718560010e-07
3.191852897543867584e-07
3.076451093875220977e-07
3.543771640579507221e-07
3.209848387086822186e-07
3.005435473824036308e-07
3.511662782784696901e-07
3.031192932212434243e-07
3.114471951448649634e-07
2.802809717650234234e-07
3.110403099526592996e-07
3.782722615142120048e-07
3.689817731356015429e-07
3.528250260842469288e-07
2.977841404572245665e-07
3.705666813402785920e-07
3.258767264924244955e-07
3.212202841496036854e-07
3.342508136938704411e-07
3.549207576725166291e-07
2.796302851493237540e-07
3.388316258678969461e-07
2.794476472445239779e-07
3.315884669063962065e-07
3.130425056951935403e-07
3.326875344100699294e-07
3.532026369157392764e-07
2.942460355370712932e-07
3.230287575206602924e-07
3.148713858536211774e-07
3.541914566085324623e-07
3.321042072457203176e-07
2.843606807800824754e-07
3.345548407196474727e-07
2.848946110134420451e-07
3.527622709498245968e-07
3.609765428791433806e-07
2.926668116742803250e-07
3.610319083691138076e-07
3.062824305288813775e-07
3.470926230875193141e-07
3.316772563266567886e-07
2.708285649077879498e-07
3.231596679142967332e-07
2.946731569863914046e-07
3.076078201047494076e-07
3.794606868723349180e-07
3.228568346003157785e-07
3.248314897064119577e-07
3.362447955623792950e-07
3.591829624838283053e-07
3.806353561230935156e-07
3.110291402208531508e-07
2.878654186133644544e-07
3.046839651688060258e-07
3.402783761430328013e-07
2.902849587371747475e-07
3.159437937938491814e-07
3.268315253990294877e-07
3.183890271429845598e-07
3.085697812821308617e-07
3.608117822295753285e-07
2.905315170664835023e-07
3.594229269765492063e-07
3.740305771771090804e-07
3.677993163364590146e-07
3.000013180098903831e-07
3.106660244611703092e-07
3.116031734862190206e-07
2.581655849098751787e-07
2.770241565031028586e-07
3.563957307051168755e-07
2.640178422552708071e-07
2.747841847394738579e-07
3.140821149827388581e-07
3.463673010628554039e-07
2.981416855618590489e-07
3.514520585667924024e-07
2.981563511639251374e-07
3.077409473917214200e-07
3.830718924291431904e-07
2.973047514842619421e-07
2.753996568571892567e-07
2.892289785449975170e-07
2.749093255260959268e-07
3.034218138964206446e-07
3.335984217756049475e-07
3.195031013092375360e-07
3.136444490792200668e-07
2.556209324211522471e-07
3.034670328361244174e-07
3.009970441780751571e-07
3.094945668635773472e-07
3.239698287416103994e-07
3.144937181787099689e-07
3.531239940457453486e-07
2.986930098813900258e-07
2.962310645671095699e-07
3.576573419650230790e-07
3.161688368891191203e-07
3.249417943607113557e-07
3.072849494856200181e-07
2.892516874908324098e-07
3.400585057988791959e-07
3.814822946424101247e-07
3.312949843348178547e-07
2.696777414712414611e-07
3.156228558509610593e-07
2.952011186607705895e-07
3.194529085703834426e-07
3.513808337629598100e-07
3.206964152013824787e-07
2.950133932699827710e-07
3.044955292352824472e-07
3.259111736042541452e-07
2.967802288367238361e-07
3.036736302419740241e-07
3.353825377416796982e-07
2.918361587944673374e-07
3.713120690918003675e-07
3.099054026733938372e-07
3.230942411391879432e-07
2.746162977018684614e-07
2.733021347012254409e-07
2.831172309925023001e-07
3.090714244535774924e-07
3.316331458336208016e-07
2.887653067773499060e-07
2.938757575066119898e-07
3.561553683084639488e-07
3.049002543775714003e-07
3.380505972927494440e-07
3.312816261313855648e-07
2.976529742682032520e-07
3.085502555677521741e-07
3.114147943961143028e-07
3.081636350543703884e-07
3.404198878342867829e-07
2.881432124013372231e-07
3.262790642111212946e-07
3.201259346496954095e-07
3.529017362779995892e-07
2.760739334917161614e-07
3.360955531661602436e-07
3.112626245638239197e-07
2.873949540571629768e-07
2.971046058064530371e-07
3.114822959560115123e-07
3.360144091857364401e-07
3.092892768563615391e-07
3.019924292857467663e-07
3.513499677865183912e-07
3.432332960073836148e-07
3.054139483538165223e-07
2.721137946082308190e-07
3.552054863575904164e-07
3.090935933869332075e-07
3.148472558223147644e-07
3.202937364221725147e-07
3.451180816682608565e-07
3.736335258963663364e-07
2.766427655842562672e-07
3.415486844460247084e-07
3.601901426009135321e-07
3.157256287522614002e-07
3.344046888287266484e-07
3.038645104425086174e-07
3.148780933770467527e-07
3.248909479225403629e-07
3.173769584918773035e-07
2.901734887927887030e-07
2.476960787589632673e-07
3.033298980881227180e-07
2.993335783685324714e-07
2.917640813393518329e-07
2.815031052705307957e-07
3.541761657288589049e-07
3.378862629688228481e-07
3.196159354956762400e-07
3.388207687748945318e-07
2.960042024824360851e-07
3.376501922502939124e-07
2.986880076605302747e-07
3.249331825827539433e-07
2.888028802772169001e-07
2.989194740621314850e-07
3.348817472215159796e-07
2.810251089613302611e-07
3.293115753422171110e-07
3.267271040385821834e-07
2.744030496160121402e-07
3.029211939065135084e-07
3.121882059531344566e-07
3.266944190727372188e-07
2.819784583607543027e-07
2.971656840600189753e-07
3.412449700590514112e-07
2.796360263346286956e-07
2.936544092335680034e-07
3.162885207075305516e-07
2.517521124900667928e-07
3.217945732103544287e-07
3.032290010196447838e-07
2.878788905036344659e-07
2.841432831246493151e-07
2.849110387614928186e-07
3.105420773863443173e-07
3.028338255717244465e-07
2.978579800583247561e-07
2.834873953361238819e-07
3.319578638638631674e-07
2.817390623022220097e-07
2.618641019580536522e-07
3.109752242380636744e-07
3.278828444308601320e-07
2.507758836145512760e-07
2.805777512548957020e-07
3.084482500526064541e-07
3.241395631903287722e-07
3.144935476484533865e-07
3.378688688826514408e-07
3.461926780801150016e-07
3.091194855642243056e-07
2.969742922687146347e-07
2.862880421616864624e-07
2.643893139975261874e-07
3.356353204253537115e-07
2.939490286735235713e-07
2.898336788348387927e-07
2.749045506789116189e-07
3.423336352170736063e-07
2.776046983399282908e-07
3.090578957198886201e-07
3.059431605834106449e-07
2.837654733411909547e-07
3.242224693167372607e-07
2.867151067675877130e-07
2.782057322292530444e-07
3.160856465456163278e-07
2.982455953315366060e-07
2.900292201957199723e-07
3.048072017008962575e-07
2.503802818409894826e-07
2.830354901561804581e-07
2.726522723150992533e-07
3.194832061126362532e-07
3.147101210743130650e-07
2.680445163605327252e-07
3.077430505982192699e-07
3.025947705737053184e-07
3.571442448446759954e-07
2.717993652368022595e-07
2.749828240666829515e-07
2.583284981483302545e-07
3.439621707457263255e-07
2.658995867932389956e-07
3.259563072788296267e-07
3.304491826838784618e-07
2.725096805988869164e-07
2.377613128601296921e-07
3.398465366899472428e-07
2.561809253620594973e-07
3.042799221475434024e-07
2.914169670020783087e-07
2.558053324719367083e-07
2.793398152789450251e-07
3.238819203943421599e-07
2.750704766185663175e-07
2.520331747746240580e-07
2.648534689342341153e-07
3.151320697725168429e-07
2.855861680473026354e-07
2.905717337853275239e-07
2.828940637300547678e-07
3.054535966384719359e-07
3.084157356170180719e-07
2.638120122355758213e-07
3.069253580179065466e-07
3.100437879766104743e-07
3.003054303007957060e-07
3.199855314051092137e-07
3.345811023791611660e-07
2.950934003820293583e-07
3.004611812684743199e-07
3.629909883784421254e-07
3.004835207320866175e-07
2.824249918376153801e-07
2.383142998496623477e-07
3.859271373585215770e-07
2.687493179109878838e-07
2.951790634142525960e-07
3.057044750676141120e-07
3.386898015378392301e-07
2.846884967766527552e-07
3.709734528456465341e-07
2.985881906170106959e-07
3.168406692566350102e-07
2.869460331567097455e-07
2.458244523495523026e-07
3.189349229160143295e-07
3.088896676217700588e-07
3.321021608826413285e-07
2.917181518569123000e-07
3.157333026138076093e-07
2.741625451108120615e-07
3.047354084628750570e-07
2.729174752857943531e-07
3.021558256932621589e-07
2.846027484793012263e-07
3.486449600131891202e-07
3.309899057057918981e-07
4.074037462942214916e-07
3.405017423574463464e-07
3.095370288974663708e-07
2.959299365556944394e-07
2.938346312930661952e-07
2.831994834195938893e-07
3.484090598249167670e-07
2.974265953525900841e-07
3.025740511475305539e-07
3.035958400232630083e-07
3.191169639649160672e-07
2.610075569009495666e-07
2.649097723406157456e-07
3.115037827683408977e-07
3.085818605086387834e-07
2.912871650551096536e-07
3.111665023425302934e-07
2.434746306789747905e-07
2.936964733635250013e-07
3.457961952335608657e-07
2.768713898149144370e-07
3.757423883143928833e-07
3.070658749493304640e-07
2.603535449452465400e-07
3.000917558892979287e-07
3.406412929507496301e-07
3.069385172693728236e-07
3.267834927100921050e-07
2.385316690833860775e-07
2.893829673666914459e-07
2.574717541392601561e-07
2.973359869429259561e-07
3.335151177452644333e-07
2.625919819365662988e-07
3.433353867876576260e-07
2.994989358739985619e-07
3.195400211097876308e-07
2.879477278838749044e-07
2.707073463170672767e-07
3.532845198606082704e-07
3.373706363163364585e-07
3.241437980250339024e-07
3.264781298639718443e-07
2.875912628041987773e-07
3.613922103795630392e-07
3.446848495514132082e-07
3.252893066019169055e-07
3.367162548784108367e-07
2.878337568290589843e-07
2.774964684704173123e-07
2.778121483970608097e-07
3.033806876828748500e-07
2.702229835449543316e-07
2.740479772000981029e-07
2.551828401919919997e-07
2.648965846674400382e-07
2.822894487053417834e-07
2.942922208148956997e-07
3.138798660984321032e-07
3.618944788286171388e-07
3.607076450862223282e-07
2.895973807426344138e-07
3.334847065161739010e-07
2.749990812844771426e-07
2.812034267662966158e-07
3.170260356455401052e-07
2.586660912129445933e-07
3.528990646373131312e-07
3.121004965578322299e-07
2.892391819386830321e-07
2.299379389114619698e-07
2.693564624678401742e-07
3.315797982850199332e-07
2.686849711608374491e-07
2.595400587779295165e-07
2.847706923603254836e-07
2.889963184316002298e-07
3.165656323744769907e-07
3.428137063110625604e-07
3.238867520849453285e-07
2.782230694720055908e-07
2.915332402153580915e-07
3.287888716840825509e-07
3.574798483896302059e-07
3.151528744638198987e-07
2.679595922927546781e-07
3.087668005719024222e-07
3.327825197629863396e-07
2.754208026090054773e-07
2.939807473012479022e-07
2.441723836454912089e-07
3.339607985708425986e-07
2.951008468699001241e-07
2.840614570231991820e-07
3.652801581210951554e-07
2.735741873038932681e-07
2.833217251918540569e-07
2.511127377147204243e-07
2.840473882770311320e-07
3.100238359365903307e-07
3.159344714731560089e-07
3.235258532185980584e-07
3.071109802021965152e-07
3.118170752713922411e-07
3.352398607603390701e-07
3.352198518769000657e-07
2.800445031425624620e-07
3.640762429313326720e-07
3.345691936829098267e-07
3.186353296769084409e-07
2.826123477461806033e-07
3.128150751763314474e-07
3.190993425050692167e-07
2.693992371405329322e-07
2.702337837945378851e-07
3.031358346561319195e-07
3.226247144993976690e-07
3.347530537212151103e-07
2.871915967261884362e-07
3.209492547284753527e-07
3.341060619277413934e-07
3.194257374161679763e-07
3.026492834123928333e-07
3.346830226291785948e-07
2.695641683203575667e-07
3.005239648246060824e-07
3.522790166243794374e-07
2.549733437717804918e-07
3.283134617504401831e-07
2.926427100646833424e-07
3.225358682357182261e-07
2.933115297309996095e-07
2.850460987247060984e-07
2.829199274856364354e-07
3.698308432831254322e-07
3.062052655877778307e-07
2.880811393879412208e-07
3.596413762352312915e-07
3.176164682372473180e-07
3.097358103332226165e-07
3.146363951600505970e-07
2.772501943582028616e-07
3.227789306947670411e-07
2.985984792758245021e-07
2.490751001005264698e-07
3.089529627686715685e-07
2.871557285288872663e-07
3.202219431841513142e-07
3.049680117328534834e-07
3.226705871384183411e-07
3.225136424589436501e-07
2.969543402286944911e-07
3.060030167034710757e-07
3.240666330839303555e-07
2.610856313367548864e-07
3.945479534195328597e-07
2.909724798882962205e-07
3.090857489951304160e-07
3.361568587934016250e-07
2.680499164853245020e-07
3.330708864268672187e-07
3.142232287700608140e-07
3.221895497063087532e-07
2.796007834149349947e-07
3.053069974612299120e-07
2.844744244612229522e-07
3.109125827904790640e-07
3.352075168550072704e-07
3.161076165270060301e-07
2.827401317517796997e-07
2.481057492786931107e-07
2.997461479026242159e-07
3.320381551930040587e-07
3.454951524872740265e-07
2.928592550688335905e-07
2.925559385857923189e-07
3.404765038794721477e-07
2.444027131787152030e-07
3.327429283217497868e-07
2.586688196970499121e-07
2.916356152127264068e-07
2.785014885375858285e-07
3.370099648236646317e-07
2.752596515165350866e-07
2.749450516148499446e-07
3.129345600427768659e-07
3.055499746551504359e-07
3.092305291829688940e-07
3.410344788790098391e-07
2.836071644196636043e-07
2.781556531772366725e-07
2.968906187561515253e-07
3.166464637160970597e-07
2.610789238133293111e-07
2.765373778856883291e-07
3.001805453095585108e-07
2.822952751557750162e-07
2.687407913981587626e-07
2.699019603369379183e-07
3.157396122333011590e-07
3.089590734361991053e-07
2.675952828212757595e-07
3.394964096514740959e-07
2.426388050480454694e-07
2.908797966938436730e-07
3.150158818243653513e-07
2.958664140351174865e-07
3.063844076223176671e-07
3.364876874911715277e-07
2.661997768882429227e-07
2.707123201162175974e-07
3.112600950316846138e-07
3.030923778624128317e-07
3.091041946845507482e-07
2.621868588903453201e-07
2.797363549689180218e-07
2.769572233773942571e-07
2.665302645254996605e-07
2.395889282524876762e-07
2.860118968328606570e-07
2.987357561323733535e-07
2.589788152818073286e-07
3.085928028667694889e-07
2.877785334476357093e-07
2.900907816183462273e-07
3.083590343067044159e-07
2.535380758672545198e-07
2.790052349155303091e-07
2.440114599266962614e-07
2.638368812313274248e-07
2.838184514075692277e-07
2.798629736844304716e-07
2.352519175019551767e-07
2.707554074277140899e-07
2.668175795861316146e-07
2.982670821438659914e-07
2.974117592202674132e-07
2.706497639337612782e-07
3.051663668429682730e-07
3.100521439591830131e-07
2.600990285372972721e-07
2.688375957404787187e-07
2.906472786889935378e-07
2.504952476556354668e-07
2.922312205555499531e-07
2.590734311525011435e-07
2.991654355355422013e-07
2.680696979950880632e-07
2.810331238833896350e-07
2.945025698863901198e-07
2.669146965672553051e-07
3.098787146882386878e-07
2.541431740610278212e-07
3.058596860228135483e-07
2.876675466723099817e-07
2.758321784313011449e-07
2.799245635287661571e-07
3.136916575385839678e-07
3.187591346431872807e-07
3.125383329916076036e-07
2.944835841844906099e-07
3.384699880371044856e-07
2.996137311583879637e-07
2.372632081915071467e-07
3.269120725235552527e-07
2.919856285643618321e-07
3.164514055242761970e-07
2.895807256209081970e-07
2.591469865365070291e-07
2.636571139191801194e-07
2.866387376343482174e-07
3.600856643970473669e-07
3.312126750643074047e-07
2.735507962370320456e-07
2.509271723738493165e-07
3.119398002127127256e-07
3.129725598682853160e-07
2.929405127360951155e-07
2.899699893532670103e-07
3.112446904651733348e-07
3.205132657058129553e-07
2.929383811078878352e-07
2.968096737276937347e-07
2.707932367229659576e-07
2.622124384288326837e-07
2.500014204542821972e-07
2.855648517652298324e-07
2.708695490127865924e-07
