3.408120392123237252e-06
4.900456360701355152e-07
5.361481726140482351e-06
2.311080970684997737e-05
2.753235639829654247e-05
2.363503881497308612e-05
2.778547604975756258e-05
2.418876829324290156e-05
2.462174234096892178e-05
1.976704879780299962e-05
2.781947114272043109e-05
2.867219882318750024e-05
2.688666609174106270e-05
1.952850834641139954e-05
1.944707764778286219e-05
1.910926948767155409e-05
1.276175953535130247e-05
1.334726312052225694e-05
1.259083364857360721e-05
1.343588792224181816e-05
1.026836343953618780e-05
1.023800177790690213e-05
9.189983757096342742e-06
1.232048816746100783e-05
1.266785511688794941e-05
9.257225428882520646e-06
9.524497727397829294e-06
8.571326361561659724e-06
9.373268767376430333e-06
7.834183634258806705e-06
6.915791345818433911e-06
6.693519935652147979e-06
5.982299171591876075e-06
8.295652150991372764e-06
6.687844688713084906e-06
6.484351615654304624e-06
6.030593795003369451e-06
5.810693437524605542e-06
4.607541995937936008e-06
5.671929102391004562e-06
5.444107500807149336e-06
5.448834599519614130e-06
4.142342277191346511e-06
4.515909495239611715e-06
4.025706857646582648e-06
4.605256435752380639e-06
5.020266598876332864e-06
4.222935785946901888e-06
3.967113116232212633e-06
2.999096295752678998e-06
3.481494786683470011e-06
5.341126779967453331e-06
3.319748884678119794e-06
3.701729838212486356e-06
2.638777004904113710e-06
3.572184596123406664e-06
3.031664618902141228e-06
2.826798436217359267e-06
2.982108071591937914e-06
2.658712674019625410e-06
2.666201226020348258e-06
3.051378371310420334e-06
3.032842869288288057e-06
2.632202267704997212e-06
2.645624135766411200e-06
2.089157078444259241e-06
3.096296268267906271e-06
3.415280389162944630e-06
2.896706519095459953e-06
2.601771939225727692e-06
2.770248556771548465e-06
2.235669853689614683e-06
3.273907168477308005e-06
1.729183054521854501e-06
1.816660073927778285e-06
2.480056991771562025e-06
2.413769834674894810e-06
3.500093953334726393e-06
1.951775630004703999e-06
1.893258627205796074e-06
2.264904196636052802e-06
1.766162313288077712e-06
1.767357730386720505e-06
1.746376256051007658e-06
2.875370228139217943e-06
1.345607415714766830e-06
3.094151452387450263e-06
1.667296942287066486e-06
1.968541710084537044e-06
2.407977262919303030e-06
1.612562755326507613e-06
1.829697907851368655e-06
1.700058533060655463e-06
2.076262717309873551e-06
1.748651357047492638e-06
1.610137019270041492e-06
1.571381289977580309e-06
1.152170739260327537e-06
1.501192741670820396e-06
1.706864054540346842e-06
1.905114345390757080e-06
2.167176262446446344e-06
1.680051809671567753e-06
1.386667690894682892e-06
1.389117755934421439e-06
1.247669842996401712e-06
1.230892394232796505e-06
1.140755443884700071e-06
1.883410618574998807e-06
1.166066340374527499e-06
1.353052084596129134e-06
2.571114237071014941e-06
1.640271420910721645e-06
1.004971863949322142e-06
1.014460281112405937e-06
1.535102683192235418e-06
1.753734295562026091e-06
1.487643658037995920e-06
1.083115648725652136e-06
1.244774239239632152e-06
1.265655555471312255e-06
1.533992417535046116e-06
1.212151232721225824e-06
1.199491748593572993e-06
2.248419605166418478e-06
1.184014081445639022e-06
1.126435108744772151e-06
1.413757786394853611e-06
1.089361603590077721e-06
1.267350626221741550e-06
9.740285804582526907e-07
1.128124949900666252e-06
9.454215614823624492e-07
9.311078770224412438e-07
1.206289653055137023e-06
9.211487395077710971e-07
3.468187742328154854e-06
1.031277179208700545e-06
1.066214736056281254e-06
1.054255108101642691e-06
1.428362338629085571e-06
1.091483454729313962e-06
1.126129745898651890e-06
2.142855237252661027e-06
1.075679278983443510e-06
1.237930291608790867e-06
8.487434683956962544e-07
1.168715471067116596e-06
8.871608656590979081e-07
9.125794804276665673e-07
9.953644166671438143e-07
1.092322349904861767e-06
9.871498605207307264e-07
1.030479779728921130e-06
7.212885293483850546e-07
8.920709433368756436e-07
9.329608019470470026e-07
7.334647307288832963e-07
1.300188841923954897e-06
8.012173680072010029e-07
1.350015963907935657e-06
8.386593890463700518e-07
1.086263750949001405e-06
1.057934241543989629e-06
1.037050424201879650e-06
1.331919975200435147e-06
1.013441533359582536e-06
7.940035402498324402e-07
9.179799462799564935e-07
9.409087056155840401e-07
6.168945674289716408e-07
1.016771761896961834e-06
1.574668090142949950e-06
8.617314506409456953e-07
6.824142246841802262e-07
1.096258642974135000e-06
8.863300990924471989e-07
6.319069143501110375e-07
1.054741119332902599e-06
1.248544549525831826e-06
1.094229105547128711e-06
1.026064524012326729e-06
1.006870888886624016e-06
1.025066694637644105e-06
6.186729137880320195e-07
7.664403938179020770e-07
1.046121496983687393e-06
8.585764703639142681e-07
7.394585281872423366e-07
6.568675985363370273e-07
1.100125587072398048e-06
6.114893835729162674e-07
6.779578143323305994e-07
6.221849844223470427e-07
5.824596200909581967e-07
8.149700647663848940e-07
8.362841299458523281e-07
7.076694146235240623e-07
9.099354656427749433e-07
1.023581830850162078e-06
7.474179710698081180e-07
7.122104079826385714e-07
6.510044272545201238e-07
1.540992911941430066e-06
7.365666760961175896e-07
7.319152928175753914e-07
7.859473498683655635e-07
6.441512141464045271e-07
6.127693836788239423e-07
7.850935617170762271e-07
1.251460162166040391e-06
6.600183724003727548e-07
1.024317157316545490e-06
7.622022621944779530e-07
6.625488140343804844e-07
1.117228975999751128e-06
6.079317245166748762e-07
8.254979775301762857e-07
4.967901077179703861e-07
6.164459591673221439e-07
1.179369746751035564e-06
5.808803962281672284e-07
7.365580358964507468e-07
6.183198593134875409e-07
7.654935529899375979e-07
5.429233169707003981e-07
6.841263484602677636e-07
7.599209084219182841e-07
8.513771945217740722e-07
7.871058755881676916e-07
6.276194426391157322e-07
9.347440936835482717e-07
8.442169132649723906e-07
5.790741397504461929e-07
5.853140692124725319e-07
1.418430883859400637e-06
5.265204094939690549e-07
5.675063334820151795e-07
7.503799679398071021e-07
6.944368919903354254e-07
1.390778606946696527e-06
5.909456035624316428e-07
5.957379016763297841e-07
6.885854872962227091e-07
6.311246352197485976e-07
6.015314397700421978e-07
6.136338015494402498e-07
4.936471214023185894e-07
5.569445988840016071e-07
6.387622306647244841e-07
5.899514690099749714e-07
6.141993935671052895e-07
4.700440854321641382e-07
9.340894280285283457e-07
5.737404080718988553e-07
7.024120804999256507e-07
6.145019142422825098e-07
8.492741585541807581e-07
5.578708055509196129e-07
6.388013389369007200e-07
7.343621746258577332e-07
6.627429911532090046e-07
9.113085752687766217e-07
6.418075599867734127e-07
5.288014222060155589e-07
4.810052587345126085e-07
8.411916496697813272e-07
5.287582780511002056e-07
1.131577960222784895e-06
1.070977987183141522e-06
4.578307368774403585e-07
4.594335791807679925e-07
4.271218756457528798e-07
5.875384090359148104e-07
1.020317199618148152e-06
5.772188842456671409e-07
6.229920472833327949e-07
6.059536872271564789e-07
5.214158704802684952e-07
6.102827683207578957e-07
8.681749932293314487e-07
4.280072971596382558e-07
5.935022500125342049e-07
5.196332608647935558e-07
6.808970169913663995e-07
4.521323830886103678e-07
5.393490027927327901e-07
5.776636839982529636e-07
7.146629741328069940e-07
6.130107976787257940e-07
4.760235867706796853e-07
5.584493010246660560e-07
7.269921979968785308e-07
3.938941688375052763e-07
5.625642529594188090e-07
6.854118623778049368e-07
6.335811804092372768e-07
3.802840637945337221e-07
4.152142594193719560e-07
6.215040002643945627e-07
5.354567065296578221e-07
4.502663841776666231e-07
6.944929396013321821e-07
7.208445822470821440e-07
5.462972580971836578e-07
1.079198455045116134e-06
4.268945872354379389e-07
4.727192504105914850e-07
5.212182259128894657e-07
4.539711824236292159e-07
7.662237635486235376e-07
7.030789674900006503e-07
6.221468993317103013e-07
4.378987341624451801e-07
5.788806447526440024e-07
5.215759983911993913e-07
5.571134806814370677e-07
4.048591506489174208e-07
4.894753260487050284e-07
4.156034663083119085e-07
5.236253173279692419e-07
4.706153333700058283e-07
5.509976972462027334e-07
4.563150923786452040e-07
4.552277346192568075e-07
5.408649599303316791e-07
4.370614306026254781e-07
3.995393171862815507e-07
5.087806584924692288e-07
5.007841537008062005e-07
4.351435336502618156e-07
4.440561838237044867e-07
4.387132435113016982e-07
4.412009388943261001e-07
4.675077036608854542e-07
4.959333637089002877e-07
4.042511818624916486e-07
4.644286377697426360e-07
3.670235173558467068e-07
5.350892706701415591e-07
3.890484663315874059e-07
1.141312054642185103e-06
4.945849809701030608e-07
4.235608912495081313e-07
5.780490823781292420e-07
6.952375315449899063e-07
3.310046565729862778e-07
5.891590717510553077e-07
5.199702854952192865e-07
4.140344458392064553e-07
7.006315172475297004e-07
5.893526804356952198e-07
4.009152689832262695e-07
4.692416837315249722e-07
3.984521868005685974e-07
7.511439434892963618e-07
9.403754575032508001e-07
4.470354326713277260e-07
4.682575820424972335e-07
5.059117711425642483e-07
4.545753427009913139e-07
3.568057422853598837e-07
9.154163649327529129e-07
3.961320089729269966e-07
3.893644588970346376e-07
5.402942520049691666e-07
5.788300541098578833e-07
1.404878503308282234e-06
5.266541620585485362e-07
5.205869229030213319e-07
5.800816325063351542e-07
3.769596617075876566e-07
3.473288074928859714e-07
3.941759700865077320e-07
8.747255151320132427e-07
3.024007924068428110e-07
4.743804993267985992e-07
4.039325176563579589e-07
4.064334859776863595e-07
3.627828846219927073e-07
4.238527253619395196e-07
4.055990530105191283e-07
4.694286133144487394e-07
4.043552621624257881e-07
4.368631039142201189e-07
4.826600843443884514e-07
3.726888451183185680e-07
3.865313260575931054e-07
5.368543725126073696e-07
5.698358336303499527e-07
5.786072279079235159e-07
3.755375246328185312e-07
3.539968531640624860e-07
4.061309368807997089e-07
5.320042646417277865e-07
4.346113087194680702e-07
4.609621555573539808e-07
4.708430765276716556e-07
3.826482952717924491e-07
4.326051339376135729e-07
4.746915465148049407e-07
3.719338792507187463e-07
3.147698066641169135e-07
4.410613883010228164e-07
4.227027261549665127e-07
4.918030640510551166e-07
3.888487185577105265e-07
4.658819534597569145e-07
5.234567197476280853e-07
4.438388145899807569e-07
4.019622110718046315e-07
4.769235033563745674e-07
3.998688100637082243e-07
5.616255975837702863e-07
3.507470296426618006e-07
3.293068857601610944e-07
5.058849410488619469e-07
1.435576564290386159e-06
4.824988764084991999e-07
4.573623186843178701e-07
4.353996132522297557e-07
5.243699661150458269e-07
4.443933221409679390e-07
5.774011242465348914e-07
4.037292455905117095e-07
3.736890619165933458e-07
4.589460615989082726e-07
3.331823563712532632e-07
3.301884703432733659e-07
5.239709253146429546e-07
4.170876195530581754e-07
4.448690447134140413e-07
4.741832242416421650e-07
3.014511094079352915e-07
3.704683422256493941e-07
4.255920202922425233e-07
3.857282422359276097e-07
3.033699158550007269e-07
3.347111032780958340e-07
5.115879275763290934e-07
2.744399694165622350e-07
4.115917988656292437e-07
3.299064701423048973e-07
2.647977055403316626e-07
4.152862231876497390e-07
6.036173090251395479e-07
4.046194135298719630e-07
4.118285801268939395e-07
2.924125510617159307e-07
3.386094817869889084e-07
6.426162144634872675e-07
3.443232117206207477e-07
4.208801556160324253e-07
3.604823746172769461e-07
3.572762921066896524e-07
3.088652817950787721e-07
3.886370905092917383e-07
5.731385499530006200e-07
2.953005378003581427e-07
4.723420943264500238e-07
3.769376064610696631e-07
3.176755285494436976e-07
4.506057962316845078e-07
3.501100422909075860e-07
4.705518108494288754e-07
4.744533441680687247e-07
3.915828870049153920e-07
3.883987176322989399e-07
6.078224146222055424e-07
6.925276920810574666e-07
3.384091655789234210e-07
5.125588131704716943e-07
3.392897269804961979e-07
3.319968868709111121e-07
3.354107036557252286e-07
3.380149564691237174e-07
4.121023948755464517e-07
3.364301903729938203e-07
3.521138864925887901e-07
4.997455107513815165e-07
4.986149519936589058e-07
3.427062438277062029e-07
5.703523129341192544e-07
3.701266280131676467e-07
4.645762885502335848e-07
4.933670538775913883e-07
4.367478254607704002e-07
4.429389264259953052e-07
4.044642878398008179e-07
3.396178840375796426e-07
3.661241692043404328e-07
3.489329003514285432e-07
4.679803566887130728e-07
3.314650598440493923e-07
3.573576066173700383e-07
3.473931826647458365e-07
3.056303512494196184e-07
3.296971726740594022e-07
3.043874130526091903e-07
2.993110683746635914e-07
3.592894302073545987e-07
3.450168151175603271e-07
3.268385739829682279e-07
3.133025643364817370e-07
6.538447223647381179e-07
2.854696958820568398e-07
2.557405025527259568e-07
2.876684277453023242e-07
2.923848967384401476e-07
2.878336715639306931e-07
3.241059118863631738e-07
2.879045553072501207e-07
4.564077187296788907e-07
3.022952625997277210e-07
4.161084916631807573e-07
3.397003069949278142e-07
2.734664121817331761e-07
2.719639269344042987e-07
3.974630828906811075e-07
3.680961242480407236e-07
3.348753807586035691e-07
3.825198007234575925e-07
3.250334827953338390e-07
2.830723246916022617e-07
4.717311412605340593e-07
3.590200776670826599e-07
3.612391310525708832e-07
3.679433859815617325e-07
2.883684260268637445e-07
1.619743670744355768e-06
3.410577846807427704e-07
3.643586978796520270e-07
3.340410046348551987e-07
2.770133846752287354e-07
2.909095542236173060e-07
3.116553557447332423e-07
3.818267373389971908e-07
2.682023136912903283e-07
3.421966994210379198e-07
2.723954253269766923e-07
2.922141106864728499e-07
3.108326325218513375e-07
2.470336539772688411e-07
2.935378802249033470e-07
3.211034709238447249e-07
3.006673239269730402e-07
3.701397019995056326e-07
3.170707714161835611e-07
3.252868339131964603e-07
3.794171448134875391e-07
2.452411536069121212e-07
3.550845804056734778e-07
2.869890636247873772e-07
3.621939868025947362e-07
2.758418418125074822e-07
3.112588728981791064e-07
3.230017568967014086e-07
2.697761090075800894e-07
2.688408358153537847e-07
3.264422048232518137e-07
3.110345119239354972e-07
3.657351896890759235e-07
3.391713789824279957e-07
3.724840667018725071e-07
3.124922329789114883e-07
2.874049584988824790e-07
3.209020746908208821e-07
3.118974518656614237e-07
2.291780560881306883e-07
2.384113173548030318e-07
2.440966682115686126e-07
3.219072937099554110e-07
3.954820044782536570e-07
2.603179893867491046e-07
1.863278384917066433e-07
3.134966277684725355e-07
2.917958852322044550e-07
3.040581759705673903e-07
5.493020580615848303e-07
3.373160382125206525e-07
3.424560190978809260e-07
3.870848956921690842e-07
2.977757276312331669e-07
3.044472975943790516e-07
2.892746238103427459e-07
2.383913795256376034e-07
2.841495074790145736e-07
2.653412138897692785e-07
3.488841002763365395e-07
2.699151764318230562e-07
2.822027909132884815e-07
4.481296969061077107e-07
3.767232499285455560e-07
3.167724287322926102e-07
2.715611913117754739e-07
2.850584337465988938e-07
2.583621210305864224e-07
2.624375383675214835e-07
3.532518348947633058e-07
3.815000866325135576e-07
2.305477266872912878e-07
2.868944193323841318e-07
3.613142780523048714e-07
2.844461732820491306e-07
3.008490807587804738e-07
2.741393529959168518e-07
2.883621732507890556e-07
2.609327793834381737e-07
3.312655962872668169e-07
2.322938428278575884e-07
2.228642728141494445e-07
2.991061478496703785e-07
3.110426973762514535e-07
2.581370495136070531e-07
2.416259121673647314e-07
3.114014646143914433e-07
3.795572354192700004e-07
3.564843495951208752e-07
2.763379143289057538e-07
3.176032237206527498e-07
4.716167723017861135e-07
2.936695580046944087e-07
2.369954756886727409e-07
2.754415220351802418e-07
2.686910818283649860e-07
2.471101652190554887e-07
2.104395662172464654e-07
2.091397277581563685e-07
2.517917323530127760e-07
3.511685520152241224e-07
2.755308514679200016e-07
3.374288723989593564e-07
2.369731646467698738e-07
3.085332878072222229e-07
3.041483864762994926e-07
2.462274153458565706e-07
3.231705250072991475e-07
2.199788013967918232e-07
2.350982413190649822e-07
2.113509793844059459e-07
2.652300281624775380e-07
2.751050942606525496e-07
2.560523739703057799e-07
2.211634466675604926e-07
2.506549776626343373e-07
7.360266636169399135e-07
1.925932906488014851e-07
2.354808543714170810e-07
2.212589436112466501e-07
2.098529421346029267e-07
2.195007766658818582e-07
3.119435234566481085e-07
2.967581735902058426e-07
2.612986804706451949e-07
2.652749060416681459e-07
2.494822979315358680e-07
2.938907073257723823e-07
3.409079454286256805e-07
2.062912756173318485e-07
2.439846298329939600e-07
3.076422387948696269e-07
2.668816705408971757e-07
2.337112192662971211e-07
2.726607704062189441e-07
2.674210577424673829e-07
2.532550524847465567e-07
1.955289405941584846e-07
2.905163682953570969e-07
2.174117241793283029e-07
2.339394029604591196e-07
2.335646911433286732e-07
1.360372607450699434e-06
2.774365270852285903e-07
2.134259204922273057e-07
2.159409575597237563e-07
2.369013998304581037e-07
3.219649897800991312e-07
2.328747825686150463e-07
2.198203219450078905e-07
2.248636121748859296e-07
2.286983971089284751e-07
2.186366145906504244e-07
2.439214483729301719e-07
2.741041953413514420e-07
2.147187387890880927e-07
2.311294906576222274e-07
3.351129009843134554e-07
2.297257140071451431e-07
3.513991373438329902e-07
2.738701709859014954e-07
2.402537120360648260e-07
2.403935468464624137e-07
2.312630442702356959e-07
2.150178772808430949e-07
2.882539149595686467e-07
2.340253217880672310e-07
2.003158101615554187e-07
2.208490172961319331e-07
2.243379242372611770e-07
3.433533493080176413e-07
2.020109945988224354e-07
2.210099552257815958e-07
2.216621766137905070e-07
3.020561507582897320e-07
3.181419572229060577e-07
2.933619498435291462e-07
2.121116153830371331e-07
3.158751837872841861e-07
2.506483269826276228e-07
2.375239205321122427e-07
2.667795797606231645e-07
2.455334424666943960e-07
2.452771354910510127e-07
2.504295935068512335e-07
2.847432085673062829e-07
2.503707889900397277e-07
2.109648562509391923e-07
2.753106684849626618e-07
1.694804154794837814e-07
2.655398247952689417e-07
1.924169907852046890e-07
2.074835947496467270e-07
2.060246515611652285e-07
3.274587356827396434e-07
2.260363203276938293e-07
1.972624090740282554e-07
2.731675294853630476e-07
2.286071207890927326e-07
2.527802962504210882e-07
2.285317179939738708e-07
2.051304761607752880e-07
2.490417614353646059e-07
2.000810468416602816e-07
2.217423968886578223e-07
2.016191729126148857e-07
2.340309919190985966e-07
2.232737017493491294e-07
2.307248365696068504e-07
2.267915988340973854e-07
2.571894697211973835e-07
2.197137121129344450e-07
2.337736475510610035e-07
2.549205930790776620e-07
2.286307960730482591e-07
2.049829106454126304e-07
2.289695402168945293e-07
2.278275275102714659e-07
2.193438888298260281e-07
2.996588364112540148e-07
2.113295352046407061e-07
2.226737478849827312e-07
2.377719283686019480e-07
2.286008253804538981e-07
2.517441259897168493e-07
3.397885848244186491e-07
1.874425663572765188e-07
2.275052111144759692e-07
2.647258838806010317e-07
2.458461381138477009e-07
2.377073258230666397e-07
2.364371880503313150e-07
2.294988519224716583e-07
2.091191220188193256e-07
2.253477191516140010e-07
2.144053041774895974e-07
2.381974866239033872e-07
4.023054884783050511e-07
2.018868912045945763e-07
2.646027610353485215e-07
2.252865840546292020e-07
2.253705986277054762e-07
2.237556202544510597e-07
2.159018066549833748e-07
1.821838822024801630e-07
3.108469286416948307e-07
2.462025179283955367e-07
2.297784220672838273e-07
2.215183485532179475e-07
2.091098281198355835e-07
2.116073289926134748e-07
2.329251032051615766e-07
2.223997483952189214e-07
2.130335730043952935e-07
2.070422340239019832e-07
1.983813717743032612e-07
1.946628458426857833e-07
2.198368349581869552e-07
2.456114884807902854e-07
2.254724051908851834e-07
2.157493668164534029e-07
2.206050311315266299e-07
2.202981193022424122e-07
2.057442998193437234e-07
1.850734463459957624e-07
2.292376706236609607e-07
2.486306982518726727e-07
2.232623330655769678e-07
2.218640418050199514e-07
2.058252732695109444e-07
2.454762579873204231e-07
1.850696378369320882e-07
2.548260340518027078e-07
3.669808847917011008e-07
2.280768569562496850e-07
1.883336722130479757e-07
2.412973287846398307e-07
2.331793496068712557e-07
2.273138761665904894e-07
2.432334156310389517e-07
2.287007276891017682e-07
2.066107640530390199e-07
2.454513037264405284e-07
1.898334289762715343e-07
2.907625287207338260e-07
2.289155673906861921e-07
1.828821325489116134e-07
2.151785736259625992e-07
1.947191776707768440e-07
2.487407186890777666e-07
2.847224891411315184e-07
2.004233152774759219e-07
2.121611260008648969e-07
2.322805130461347289e-07
1.794358865936374059e-07
2.837957708834437653e-07
2.188764227639694582e-07
1.953739996451986372e-07
1.809760306059615687e-07
1.978547032877031597e-07
2.250436637041275389e-07
2.468839284119894728e-07
1.891915815122047206e-07
2.145552002730255481e-07
2.447858946652559098e-07
2.214622725205117604e-07
1.721480487049120711e-07
2.412932644801912829e-07
2.010759772019810043e-07
1.958528912382462295e-07
2.108004224510295899e-07
2.235874489997513592e-07
2.181315892357815756e-07
1.715866631002427312e-07
2.005483281664055539e-07
1.898550863188575022e-07
2.546453572449536296e-07
2.007486727961804718e-07
1.721714113500638632e-07
1.971641836462367792e-07
2.295802801199897658e-07
1.827627329475944862e-07
1.951796235744041041e-07
1.869783829988591606e-07
1.819232409161486430e-07
2.328445702914905269e-07
2.444386950628540944e-07
2.054514851579369861e-07
2.603122766231535934e-07
2.034409618545396370e-07
2.018081204369082116e-07
2.522561430851055775e-07
1.782843526143551571e-07
2.028710639478958910e-07
1.784618746114574606e-07
2.268923253723187372e-07
2.180810554364143172e-07
1.974598262677318417e-07
2.044229745479242411e-07
2.460060386511031538e-07
1.941852474374172743e-07
1.852971394100677571e-07
1.831869411716979812e-07
2.074754661407496314e-07
1.801999616191096720e-07
1.830525206969468854e-07
1.894010210889973678e-07
1.579224147008062573e-07
2.208978457929333672e-07
1.570922876226177323e-07
1.807822798127745045e-07
2.302442680957028642e-07
2.080241472413035808e-07
1.876050106375259929e-07
1.943451479746727273e-07
1.929571169512200868e-07
2.169013413322318229e-07
2.115434227789592114e-07
2.009666388858022401e-07
1.623811130002650316e-07
1.698484766166075133e-07
1.669479843258159235e-07
2.045482574430934619e-07
2.048120393283170415e-07
2.105018808151726262e-07
1.964278766308780177e-07
2.239279695004370296e-07
2.242029495391761884e-07
1.691762747668690281e-07
1.587891915733052883e-07
1.686945978462972562e-07
2.006892714234709274e-07
1.909012894429906737e-07
2.230111704193404876e-07
2.012912716509163147e-07
1.973647556496871402e-07
2.102351288613135694e-07
2.106021810277525219e-07
1.866183936272136634e-07
2.016358564560505329e-07
2.135221279786492232e-07
2.077261456179257948e-07
2.199795261503822985e-07
1.993520299947704189e-07
1.807845393386742217e-07
1.788695556115271756e-07
1.741145183586922940e-07
1.956292692284478107e-07
1.675600032058355282e-07
2.027939132176470594e-07
1.989237148336542305e-07
2.116190103151893709e-07
1.791565580333553953e-07
2.029979953022120753e-07
2.083317269807594130e-07
2.681376827240455896e-07
1.788273777947324561e-07
2.373785150666662958e-07
1.815845251940118033e-07
1.558131828005571151e-07
1.779044112026895164e-07
2.065408750695496565e-07
1.648766385642375099e-07
2.032475663327204529e-07
1.717574775739194592e-07
1.703389216345385648e-07
1.697247569154569646e-07
1.846341604050394380e-07
1.736472228230923065e-07
1.824504920477920678e-07
1.657852806147275260e-07
2.233468023860041285e-07
2.232071949492819840e-07
1.552873527543852106e-07
1.841831647197977873e-07
1.978256989332294324e-07
1.497342196898898692e-07
2.131127132543042535e-07
1.795175705865403870e-07
2.668118099791172426e-07
1.756000074237817898e-07
1.940151861390404520e-07
1.928642063830920961e-07
1.919803764849348227e-07
2.242421430764807155e-07
2.180377691729518119e-07
1.962712303793523461e-07
1.614069162769737886e-07
2.117059523243369767e-07
1.634065256439498626e-07
2.026704919444455300e-07
1.634591484389602556e-07
1.684160508830245817e-07
1.888838596642017365e-07
1.688598274540709099e-07
1.506225260072824312e-07
1.600309076366102090e-07
1.996041874008369632e-07
1.991905662634962937e-07
1.939473719403395080e-07
1.952685408923571231e-07
1.558562274794894620e-07
1.853712490174075356e-07
1.652437617849500384e-07
2.149536015849662363e-07
1.769342361512826756e-07
1.883868492313922616e-07
2.060078543308918597e-07
2.103644618500766228e-07
1.606760378081162344e-07
2.351636254616096267e-07
1.950433272668306017e-07
1.771343249856727198e-07
1.669457674324803520e-07
1.658509773960759048e-07
1.969498555354221025e-07
1.537801495032908861e-07
1.747943798591222730e-07
1.955091022409760626e-07
2.484758852006052621e-07
1.899760491141933016e-07
1.912275706672517117e-07
2.167487309634452686e-07
1.897239201298361877e-07
1.897696222386002773e-07
1.919986232223891420e-07
1.455260871807695366e-07
1.774271964904983179e-07
1.713237338663020637e-07
2.027480690003358177e-07
1.977378474293800537e-07
1.955248762897099368e-07
1.637841080537327798e-07
1.871994896873729886e-07
1.729273577666390338e-07
1.882895901417214191e-07
1.775459708142079762e-07
1.789089196790882852e-07
1.846724302367874770e-07
1.773688325101829832e-07
1.745360407312546158e-07
1.829859286317514488e-07
1.405896341566403862e-07
1.426596014653114253e-07
1.904036679434284451e-07
1.697390956678646035e-07
1.812615835206088377e-07
2.012228321746079018e-07
1.601061967448913492e-07
1.589758085174253210e-07
1.789776007399268565e-07
1.789748580449668225e-07
1.601998604883192456e-07
1.988286157939000987e-07
1.850191466701289755e-07
1.850302169259521179e-07
1.987882995990730706e-07
2.289652627496252535e-07
2.335175963708024938e-07
1.613467190964001929e-07
1.843893500108606531e-07
2.187685623766810750e-07
1.778905982519063400e-07
2.357494395255343989e-07
2.151352873625000939e-07
1.583750588451948715e-07
1.401527072175667854e-07
1.773084505884980899e-07
2.200862354584387504e-07
1.914361575927614467e-07
1.844394716954411706e-07
1.963570355201227358e-07
1.711907771095866337e-07
2.020182705564366188e-07
1.673242309152556118e-07
1.682616641573986271e-07
1.863660656908905366e-07
1.660536526060241158e-07
1.492335570674185874e-07
2.132706526936090086e-07
1.949187975469612866e-07
1.505264606294076657e-07
1.697251548193889903e-07
1.582612441097808187e-07
1.890518035452259937e-07
2.187187249091948615e-07
1.684486505837412551e-07
1.664637494513954152e-07
1.668017546307964949e-07
1.761920316312171053e-07
1.529890027995861601e-07
1.675700218584097456e-07
1.473737682999853860e-07
1.856826088442176115e-07
1.805617415584492846e-07
1.908146600726468023e-07
1.708605736894242000e-07
1.820525881157664116e-07
1.701223766303883167e-07
1.661341286762763048e-07
1.653906167575769359e-07
2.121288957823708188e-07
1.738856667543586809e-07
1.589190787854022346e-07
1.640970452854162431e-07
1.801226261477495427e-07
1.531488891259868979e-07
1.661744306602486176e-07
2.430646190987317823e-07
1.597772865125079989e-07
1.676614260759379249e-07
1.871679273790505249e-07
1.477489490753214341e-07
1.870481298738013720e-07
1.835427241303477786e-07
2.085274957153160358e-07
1.739423822755270521e-07
1.823653121846291469e-07
1.974110688252039836e-07
1.887651137622015085e-07
1.786946199899830390e-07
1.506163016529171728e-07
1.695484712627148838e-07
1.559779860826893128e-07
2.037339754679123871e-07
1.580217201535560889e-07
1.528555770846651285e-07
1.541762202350582811e-07
1.632910340276794159e-07
1.549390162836061791e-07
1.567252354561787797e-07
1.719682529710553354e-07
1.699043536973476876e-07
1.159709199782810174e-07
1.684803834223203012e-07
1.497817265772027895e-07
2.003742167744348990e-07
1.519067893696046667e-07
1.811272625218407484e-07
1.810979313177085714e-07
2.077994452065468067e-07
1.782855889587153797e-07
1.706695229586330242e-07
1.605154551498344517e-07
1.441921995137818158e-07
1.552874948629323626e-07
1.536980249738917337e-07
1.775248534841011860e-07
1.755356890953407856e-07
1.867430086122112698e-07
1.965583749097277177e-07
1.516772982768088696e-07
1.612141886653262191e-07
1.467131482968397904e-07
1.764362451694978517e-07
1.696477482937552850e-07
1.664868420903076185e-07
1.977817589704500278e-07
1.845125439103867393e-07
1.962638975783193018e-07
1.509317542058852268e-07
1.379208498519801651e-07
1.660967825500847539e-07
1.961142146456040791e-07
1.628144730148051167e-07
1.755990837182253017e-07
1.859510518897877773e-07
2.140509707260207506e-07
1.639923254970199196e-07
1.634439854569791351e-07
1.834821148349874420e-07
1.664128745915149921e-07
1.884768465743036359e-07
1.758943426466430537e-07
1.681171113432355924e-07
1.374232567741273670e-07
1.705172394395049196e-07
1.792311650206102058e-07
1.583571105356895714e-07
1.418362671756767668e-07
1.819150270421232563e-07
2.206806755111756502e-07
1.917623819736036239e-07
1.769427058206929360e-07
1.550266404137801146e-07
1.390040154092275770e-07
1.625350449785400997e-07
1.590756255609448999e-07
1.879278954675100977e-07
1.684103949628479313e-07
1.597296517275026417e-07
1.686386070787193603e-07
1.344745470532870968e-07
1.772776556663302472e-07
1.703366763194935629e-07
1.549629189412371488e-07
1.418281669884891016e-07
1.993803806499272468e-07
1.432098031273199013e-07
1.751303955188632244e-07
1.510863825160413398e-07
1.464837851017364301e-07
1.867510803776895045e-07
1.973867824744957034e-07
1.691572037998412270e-07
1.643947911134091555e-07
1.728410552459536120e-07
1.426242590696347179e-07
1.438894230432197219e-07
1.538025315994673292e-07
1.721496118989307433e-07
1.349804392702935729e-07
1.680149921412521508e-07
1.624514140985411359e-07
1.512366623046546010e-07
1.905539477320417063e-07
1.822927089278891799e-07
1.565025513627915643e-07
1.599672003749219584e-07
1.667602305133186746e-07
1.688381701114849420e-07
1.519438654895566287e-07
1.905308550931295031e-07
1.815966328422291554e-07
1.860014151588984532e-07
1.462983618694124743e-07
1.642809905888498179e-07
1.495494643677375279e-07
1.664474780227465089e-07
1.677114198628260056e-07
1.693706508376635611e-07
1.712090238470409531e-07
1.622495915398758370e-07
1.618424221305758692e-07
1.611874296258974937e-07
1.318437057307164650e-07
1.996811249682650669e-07
1.518593677474200376e-07
1.629707639949629083e-07
1.409150343079090817e-07
1.553916177954306477e-07
1.511344578375428682e-07
1.582494917329313466e-07
1.940410498946221196e-07
1.739333157502187532e-07
1.875121427019621478e-07
1.825430899771163240e-07
1.627221593025751645e-07
1.383308472213684581e-07
1.497816128903650679e-07
1.470568236072722357e-07
1.516744418950111140e-07
1.517692567176709417e-07
1.774685074451554101e-07
1.348028604297724087e-07
1.622401271106355125e-07
1.631881474395413534e-07
1.681988237578480039e-07
1.593600984506338136e-07
1.660606585573987104e-07
1.790139947388524888e-07
1.712920294494324480e-07
1.707967811626076582e-07
1.437288261740832240e-07
1.655538710565451765e-07
1.708520471765950788e-07
1.717393445233028615e-07
1.391113642057462130e-07
1.401976277293215389e-07
1.291573994421923999e-07
1.430453835382650141e-07
1.878823212564384448e-07
1.545615475606609834e-07
1.537667202455850202e-07
1.525850876760159736e-07
1.685058634848246584e-07
1.510433946805278538e-07
1.722787459357277839e-07
1.455385927329189144e-07
1.534094025146259810e-07
1.473149211506097345e-07
2.125517397644216544e-07
1.395728475017676828e-07
1.453582996191471466e-07
1.386111847523352480e-07
1.411994361433244194e-07
1.574968280237953877e-07
1.622756258257140871e-07
1.369973148257486173e-07
1.412359011965236277e-07
1.598221217591344612e-07
1.329251944071074831e-07
1.353419918359577423e-07
1.380687706387107028e-07
1.541033896046428708e-07
1.366628339383169077e-07
1.517782663995603798e-07
1.429214364634390222e-07
1.291222986310458509e-07
1.661201736169459764e-07
1.520573107427480863e-07
1.572170020835983451e-07
1.479126865433499916e-07
1.490224121880601160e-07
1.536912463961925823e-07
1.575933481490210397e-07
1.496113952725863783e-07
1.675714145221718354e-07
1.700447853636433138e-07
1.569463279338378925e-07
1.581537674155697459e-07
1.768088395692757331e-07
1.499611954614010756e-07
1.210393634210049640e-07
1.585245854585082270e-07
1.577889179316116497e-07
1.661412767361980514e-07
1.611339115470400429e-07
1.772445870074079721e-07
1.612079501001062454e-07
1.515366534476925153e-07
1.303298233779059956e-07
1.327824747932027094e-07
1.619025198351664585e-07
1.569352434671600349e-07
1.344930069535621442e-07
1.552506034840916982e-07
1.502864250824131886e-07
1.706158059278095607e-07
1.579834645326627651e-07
1.401527640609856462e-07
1.371651876524992986e-07
1.428420119964357582e-07
1.787777250683575403e-07
1.526018706954346271e-07
1.578452497597027104e-07
1.624698597879614681e-07
1.683199286617309554e-07
1.659054049696351285e-07
1.692286133447851171e-07
1.548739589907199843e-07
1.770024340430609300e-07
1.471352106818812899e-07
1.497654977811180288e-07
1.669077818178266170e-07
1.700665848147764336e-07
1.644362157549039694e-07
1.658050337027816568e-07
1.773621818301762687e-07
1.481511731071805116e-07
1.405997807069070404e-07
1.297658798193879193e-07
1.320201761245698435e-07
1.295675389201278449e-07
1.423291280389094027e-07
1.838980097090825438e-07
1.456681673062121263e-07
1.353429013306595152e-07
1.340874717925544246e-07
1.270103382466913899e-07
1.433477336831856519e-07
1.504718625255918596e-07
1.480698870182095561e-07
1.467435026825114619e-07
1.409370042892987840e-07
1.277481374017952476e-07
1.504322710843553068e-07
1.393739808008831460e-07
1.581074684509076178e-07
1.576243136014454649e-07
1.412465451267053140e-07
1.427054030500585213e-07
1.610738991075777449e-07
1.476016961987625109e-07
1.494106101063152892e-07
1.448747468657529680e-07
1.584872677540261066e-07
1.696295868214292568e-07
1.813765777569642523e-07
1.651045806738693500e-07
1.432891849617590196e-07
1.579250294980738545e-07
1.397498294863908086e-07
1.733768613121355884e-07
1.609379296496626921e-07
1.550832564589654794e-07
1.470868653541401727e-07
1.220647050104162190e-07
1.394106163843389368e-07
1.585094366873818217e-07
1.674998202361166477e-07
1.594940783888887381e-07
1.850446267326333327e-07
1.513132019681506790e-07
1.802599740585719701e-07
1.782093193014588905e-07
1.284637960452528205e-07
1.514884218067891197e-07
1.723250164786804817e-07
1.629287282867153408e-07
1.405108491780993063e-07
1.246730221282632556e-07
1.708364010255536414e-07
1.631345014629914658e-07
1.518374972420133417e-07
1.417498936007177690e-07
1.520467947102588369e-07
1.406217222665873123e-07
1.277929015941481339e-07
1.218202356767505989e-07
1.569946164181601489e-07
1.282077732867037412e-07
1.619144711639819434e-07
1.491137027187505737e-07
1.499958841577608837e-07
1.547249155464669457e-07
1.518681926881981781e-07
1.506365379100316204e-07
1.412808643408425269e-07
1.362215300559910247e-07
1.361588459758422687e-07
1.748783233779249713e-07
1.560250098009419162e-07
1.792587056570482673e-07
1.417435271378053585e-07
1.611622479913421557e-07
1.796661308617331088e-07
1.589078522101772251e-07
1.638690321215108270e-07
1.597207415215962101e-07
1.403910516728501534e-07
1.547070382912352215e-07
1.425852360625867732e-07
1.404920482173110940e-07
1.489956673594861059e-07
1.705731023093903787e-07
1.859933718151296489e-07
1.358278609586704988e-07
1.712991775093541946e-07
1.421334303586263559e-07
1.491444550083542708e-07
1.214923486259067431e-07
1.515907825933027198e-07
1.653495758091594325e-07
1.497273984796265722e-07
1.582834840974101098e-07
1.342732787179556908e-07
1.731683596517541446e-07
1.373977340790588642e-07
1.472265154234264628e-07
1.551256332277262118e-07
1.525657893353127292e-07
1.292554827614367241e-07
1.324237928201910108e-07
1.284006430068984628e-07
1.392321991033895756e-07
1.324501113231235649e-07
1.481238172118537477e-07
1.452635274290514644e-07
1.256197492693900131e-07
1.500586677138926461e-07
1.181397379923510016e-07
1.530566180463210912e-07
1.627885524158045882e-07
1.477165483265707735e-07
1.563483635891316226e-07
1.274832186481944518e-07
1.654387347116426099e-07
1.742614870181569131e-07
1.330738825799926417e-07
1.556469158003892517e-07
1.363817574429049273e-07
1.644446001591859385e-07
1.453863660572096705e-07
1.153401001374732004e-07
1.436922048014821485e-07
1.254999091315767146e-07
1.265283628981705988e-07
1.670596532221679809e-07
1.501928608149682987e-07
1.645865381760813762e-07
1.438378802731676842e-07
1.493296650778574985e-07
1.569705432302725967e-07
1.435055025922338245e-07
1.386914050272025634e-07
1.459429483929852722e-07
1.544875374293042114e-07
1.421159794290360878e-07
1.704095353716184036e-07
1.541858409837004729e-07
1.376745899506204296e-07
1.450112563361471985e-07
1.655115084986391594e-07
1.393980397779159830e-07
1.593875254002341535e-07
1.587139024650241481e-07
1.705613072999767610e-07
1.496927666266856249e-07
1.303363319493655581e-07
1.440319579160131980e-07
1.356241341454733629e-07
1.388226280596427387e-07
1.697600566785695264e-07
1.484574454480025452e-07
1.433267016182071529e-07
1.577954549247806426e-07
1.692195610303315334e-07
1.460610405956686009e-07
1.596004892689961707e-07
1.411188037536703632e-07
1.451824402920465218e-07
1.674502811965794535e-07
1.274411829399468843e-07
1.377332523588847835e-07
1.644961145075285458e-07
1.318677931294587324e-07
1.558831286274653394e-07
1.431671137197554344e-07
1.392752722040313529e-07
1.275822256729952642e-07
1.355710992356762290e-07
1.592061522615040303e-07
1.618541887182800565e-07
1.315236772825301159e-07
1.445573474256889313e-07
1.500818171962237102e-07
1.568852212585625239e-07
1.536014337943925057e-07
1.469442167945089750e-07
1.606852180202622549e-07
1.461456236029334832e-07
1.365293940125411609e-07
1.310716726266036858e-07
1.381775689424102893e-07
1.329072603084568982e-07
1.641313076561345952e-07
1.708880006390245399e-07
1.342238533652562182e-07
1.240326525930868229e-07
1.532481519461725838e-07
1.594266905158292502e-07
1.849689681421295973e-07
1.456409393085777992e-07
1.254416304163896712e-07
1.491006287324125879e-07
1.370934512578969589e-07
1.482858920098806266e-07
1.476382749387994409e-07
1.681383139384706737e-07
1.428420830507093342e-07
1.901144628391193692e-07
1.678546368566458113e-07
1.512431140326953027e-07
1.394066657667281106e-07
1.216999407915864140e-07
1.270737470804306213e-07
1.471080111059563933e-07
1.722366533840613556e-07
1.135352363235142548e-07
1.170852783616282977e-07
1.417264741121471161e-07
1.473252950745518319e-07
1.485056628780512256e-07
1.461761485188617371e-07
1.226868846515571931e-07
1.372261237975180848e-07
1.516878000984434038e-07
1.435102774394181324e-07
1.561880935696535744e-07
1.456783991216070717e-07
1.548289816355463699e-07
1.538950016310991487e-07
1.309065282839583233e-07
1.248398007192008663e-07
1.449960507216019323e-07
1.339870436822820920e-07
1.421029764969716780e-07
1.460233960415280308e-07
1.536138540814135922e-07
1.283498534121463308e-07
1.375035765249776887e-07
1.390300070625016815e-07
1.519652101933388622e-07
1.296746887646804680e-07
1.467423942358436761e-07
1.256661477100351476e-07
1.445736756977566984e-07
1.407361764904635493e-07
1.502804707342875190e-07
1.487629504026699578e-07
1.643906841763964621e-07
1.641262485918559832e-07
1.487857872461972875e-07
1.670809410825313535e-07
1.644190206206985749e-07
1.612717142052133568e-07
1.541407215199797065e-07
1.397425535287766252e-07
1.339924438070738688e-07
1.426556934802647447e-07
1.574958474748200388e-07
1.578398496349109337e-07
1.431380098892987007e-07
1.600142240931745619e-07
1.444630868263629964e-07
1.554382151880417950e-07
1.434800793731483282e-07
1.438292684952102718e-07
1.587419546922319569e-07
1.553261341769029968e-07
1.418639499206619803e-07
1.236775943880275008e-07
1.571128649402453448e-07
1.280872936604282586e-07
1.396130215880475589e-07
1.479862419273558771e-07
1.501237960610524169e-07
1.449394346764165675e-07
1.227706150075391633e-07
1.609960804671572987e-07
1.428817029136553174e-07
1.289217834710143507e-07
1.424721745024726260e-07
1.435318779385852395e-07
1.338164850039902376e-07
1.346529074908175971e-07
1.459058296404691646e-07
1.647628380396781722e-07
1.258213302435251535e-07
1.415996422338139382e-07
1.539643221803999040e-07
1.015317394603698631e-07
1.612503268688669777e-07
1.494557295700360555e-07
1.391948671880527399e-07
1.204250565933762118e-07
1.205187913910776842e-07
1.405553433642126038e-07
1.320267131177388364e-07
1.293082050324301235e-07
1.359516375032399083e-07
1.685392589934053831e-07
1.363481203497940442e-07
1.480649558516233810e-07
1.608150910215044860e-07
1.357435053250810597e-07
1.339772097708191723e-07
1.386421786264691036e-07
1.161406686378541053e-07
1.451009552511095535e-07
1.372896463180950377e-07
1.585569009421305964e-07
1.767250807915843325e-07
1.354393077690474456e-07
1.337666333256493090e-07
1.391346415857697139e-07
1.090462404818026698e-07
1.531515039232544950e-07
1.302790764157180092e-07
1.219823531073416234e-07
1.314601405510984478e-07
1.558653934807807673e-07
1.239806834973933292e-07
1.398205426994536538e-07
1.320505447210962302e-07
1.420891493353337864e-07
1.321814409038779559e-07
1.432320857475133380e-07
1.427827527322733658e-07
1.631229622489627218e-07
1.653174592775030760e-07
1.272636609428445809e-07
1.496545394275017316e-07
1.203704584895604057e-07
1.542901770790194860e-07
1.355411569647912984e-07
1.536227500764653087e-07
1.432829037639749004e-07
1.303683063724747626e-07
1.511756693162169540e-07
1.267279685635003261e-07
1.459389125102461549e-07
1.311341293330769986e-07
1.331824819317262154e-07
1.231408788271437516e-07
1.610883657576778205e-07
1.079834106576527120e-07
1.627875150234103785e-07
1.335673118774138857e-07
1.294628759751503821e-07
1.156521136636001756e-07
1.459487748434185050e-07
1.392488684359705076e-07
1.492272474479250377e-07
1.318409914574658615e-07
1.203220847401098581e-07
1.423111086751305265e-07
1.695288176506437594e-07
1.246642682417586911e-07
1.378113267946901033e-07
1.410800507528620074e-07
1.422584716692654183e-07
1.391490229707414983e-07
1.301590657476481283e-07
1.622262857381429058e-07
1.251408576763424207e-07
1.542335610338341212e-07
1.246805538812623126e-07
1.322211460319522303e-07
1.679570118540141266e-07
1.389133501561445883e-07
1.424599815891269827e-07
1.423688757995478227e-07
1.201334924871844123e-07
1.412214771789876977e-07
1.796581727830925956e-07
1.279061052628094330e-07
1.412730341598944506e-07
1.251397350188199198e-07
1.768557069681264693e-07
1.325514489280976704e-07
1.372322628867550520e-07
1.318937989935875521e-07
1.549133799016999546e-07
1.290323723424080526e-07
1.417582495832903078e-07
1.739193464800337097e-07
1.531191315962132649e-07
1.442004986529354937e-07
1.237334998904771055e-07
1.489274978894172818e-07
1.485766745190630900e-07
1.546137298191752052e-07
1.269656593194667948e-07
1.339884363460441818e-07
1.312438513423330733e-07
1.482047480294568231e-07
1.162590592684864532e-07
1.606477866289424128e-07
1.323559928323447821e-07
1.515455778644536622e-07
1.497735411248868331e-07
1.688379711595189292e-07
1.612806954653933644e-07
1.470509687351295725e-07
1.412569758940662723e-07
1.382317407205846393e-07
1.356672356678245706e-07
1.501261976954992861e-07
1.586853102253371617e-07
1.382756522616546135e-07
1.493358894322227570e-07
1.625270726890448714e-07
1.321461979841842549e-07
1.094276314006492612e-07
1.346229652199326665e-07
1.514632685939432122e-07
1.345069051694736117e-07
1.439584593754261732e-07
1.250542140951438341e-07
1.459607688047981355e-07
1.685750135038688313e-07
1.145370447375171352e-07
1.815445500596979400e-07
1.578866601903428091e-07
1.255366157693060813e-07
1.294346247959765606e-07
1.625904815227841027e-07
1.504406270669278456e-07
1.548634003256665892e-07
1.310492905304272426e-07
1.449238737905034213e-07
1.364005015602742787e-07
1.546021906051464612e-07
1.712903667794307694e-07
1.173542898413870716e-07
1.423903910335866385e-07
1.452632432119571604e-07
1.741614426009618910e-07
1.227131889436350320e-07
1.327397853856382426e-07
1.391823332141939318e-07
1.404100800073138089e-07
1.406584146934619639e-07
1.352738649984530639e-07
1.379152365643676603e-07
1.747873170643288177e-07
1.545794248158927076e-07
1.315925572953347000e-07
1.432825769143164507e-07
1.286747135509358486e-07
1.219331267066081637e-07
1.179345971991097031e-07
1.363694934752857080e-07
1.120353232408888289e-07
1.404945919603051152e-07
1.203677868488739477e-07
1.258798079106782097e-07
1.420020794284937438e-07
1.401652127697161632e-07
1.440728567558835493e-07
1.416513129015584127e-07
1.513387246632191818e-07
1.210987079502956476e-07
1.561049316478602123e-07
1.296906759762350703e-07
1.456406266697740648e-07
1.362448927011428168e-07
1.252772676707536448e-07
1.632142243579437491e-07
1.546021053400181700e-07
1.386465555697213858e-07
1.017839821315646986e-07
1.178719770678071654e-07
1.341127529030927690e-07
1.196827810190370656e-07
1.118039207881338370e-07
1.410731442774704192e-07
1.384286179018090479e-07
1.404388711989668082e-07
1.506769820025510853e-07
1.421670532408825238e-07
1.199151000719211879e-07
1.214819747019646456e-07
1.363977872870236752e-07
1.510702816176490160e-07
1.449315050194854848e-07
1.301654322105605388e-07
1.377426315229968168e-07
1.483469986851559952e-07
1.233024846669650287e-07
1.471316295464930590e-07
1.267517006908747135e-07
1.306293739844477386e-07
1.419370221356075490e-07
1.351772596080991207e-07
1.499985842201567721e-07
1.208655788786927587e-07
1.235602127280799323e-07
1.219134873053917545e-07
1.296953939800005173e-07
1.438137076092971256e-07
1.466598860133672133e-07
1.300305996210227022e-07
1.447260160603036638e-07
1.144592403079514042e-07
1.389044967936570174e-07
1.332155648015032057e-07
1.235952851175170508e-07
1.519735093324925401e-07
1.495557171438122168e-07
1.656698884744400857e-07
1.608084119197883410e-07
1.267572997676325031e-07
1.316559519182192162e-07
1.107336231598310405e-07
1.218131728819571435e-07
1.264856877014608472e-07
1.224882169026386691e-07
1.311531434566859389e-07
1.182680691158566333e-07
1.306559198610557360e-07
1.443305279735795921e-07
1.611761035746894777e-07
1.276017655982286669e-07
1.620715579520037863e-07
1.186378000284094014e-07
1.291583942020224640e-07
1.470084640686764033e-07
1.373065288134966977e-07
1.712454320568213006e-07
1.457383689285052242e-07
1.613086908491823124e-07
1.452156936920800945e-07
1.301338983239475056e-07
1.296200764500099467e-07
1.503925943779904628e-07
1.294569642595888581e-07
1.434830352309290902e-07
1.480518960761401104e-07
1.359737495931767626e-07
1.236115565461659571e-07
1.427511477913867566e-07
1.324588652096281294e-07
1.347425779840705218e-07
1.338370338999084197e-07
1.255338446526366170e-07
1.253637265108409338e-07
1.332949750576517545e-07
1.351807839000684908e-07
1.298588188092253404e-07
1.329866563537507318e-07
1.431177878430389683e-07
1.269882261567545356e-07
1.262556992287500179e-07
1.397184234974702122e-07
1.159651077387024998e-07
1.520096759577427292e-07
1.192252625514811371e-07
1.314913333771983162e-07
1.543080401233964949e-07
1.117413859219595906e-07
1.193128582599456422e-07
1.378918739192158682e-07
1.368268129908756237e-07
1.289432418616343057e-07
1.344322697605093708e-07
1.234196673749465845e-07
1.251372339083900442e-07
1.307158754570991732e-07
1.178988782157830428e-07
1.213589655435498571e-07
9.825825486586836632e-08
1.239499880512084928e-07
1.689041368990729097e-07
1.532310420770954806e-07
1.250542425168532645e-07
1.398247775341587840e-07
1.666550559775714646e-07
1.192577911979242344e-07
1.316586804023245350e-07
1.178915169930405682e-07
1.271033767125118175e-07
1.478925639730732655e-07
1.305950547703105258e-07
1.312709514422749635e-07
1.172959400719264522e-07
1.206137483222846640e-07
1.396380469032010296e-07
1.327512393345386954e-07
1.310645245666819392e-07
1.319627926932298578e-07
1.406025376127217896e-07
1.533036879663995933e-07
1.532357600808609277e-07
1.385853636293177260e-07
1.224940717747813324e-07
1.388220596254541306e-07
1.447426996037393110e-07
1.190499503422870475e-07
1.336374850779975532e-07
1.418811876874315203e-07
1.270569782718666829e-07
1.334153978405083762e-07
1.549937849176785676e-07
1.274737826406635577e-07
1.173164250189984159e-07
1.435181502529303543e-07
1.382609866595885251e-07
1.465368342223882792e-07
1.379789296152011957e-07
1.265417495233123191e-07
1.453699809417230426e-07
1.352847220914554782e-07
1.285085033941868460e-07
1.494565822213189676e-07
1.280240695678003249e-07
1.387292485333091463e-07
1.126060453771060565e-07
1.167201020280117518e-07
1.348357443475833861e-07
1.504683098119130591e-07
1.312823485477565555e-07
1.268845437607524218e-07
1.633730164485314162e-07
1.253374364296178101e-07
1.255263555322017055e-07
1.591569258607705706e-07
1.330293741830246290e-07
1.365998514302191325e-07
1.131286921918217558e-07
1.165442142792016966e-07
1.203292043783221743e-07
1.396691118316084612e-07
1.288598383553107851e-07
1.383203880322980694e-07
1.253709882576004020e-07
1.254424830676725833e-07
1.606107389306998812e-07
1.367468200896837516e-07
1.271904181976424297e-07
1.314341773195337737e-07
1.148194002098534838e-07
1.256564274854099494e-07
1.339911790410042158e-07
1.096439987691155693e-07
1.455058367128003738e-07
1.271618970122290193e-07
1.532936835246800911e-07
1.312915856033214368e-07
1.191477139173002797e-07
1.380519734084373340e-07
1.225215555678005330e-07
1.448994879638121347e-07
1.151003914401371730e-07
1.493723686962766806e-07
1.364623045674306923e-07
1.133119909013657889e-07
1.273298977366721374e-07
1.359417325375034125e-07
1.334067860625509638e-07
1.316581403898453573e-07
1.271893381726840744e-07
1.501188648944662418e-07
1.223943684180994751e-07
1.124785171668918338e-07
1.446521480374940438e-07
1.518683205858906149e-07
1.609459445717220660e-07
1.345147211395669729e-07
1.206913964324485278e-07
1.273867837880970910e-07
1.340422812745600822e-07
1.521503634194232291e-07
1.383248786623880733e-07
1.154793736191095377e-07
1.343214250937307952e-07
1.613281597201421391e-07
1.400237863435904728e-07
1.388217327757956809e-07
1.301997087921336060e-07
1.429844047606820823e-07
1.495201615853147814e-07
1.262025506321151624e-07
1.300476810683903750e-07
1.157144851049451972e-07
1.322351010912825586e-07
1.324483207554294495e-07
1.349571618902700720e-07
1.289233182433235925e-07
