4.764729216703712522e-01
4.843023701176716322e-01
4.921473102304679270e-01
4.999999999999999445e-01
4.686666916089238244e-01
5.235270783296285257e-01
5.156976298823282567e-01
5.313333083910759536e-01
5.078526897695321285e-01
4.608913837399422064e-01
5.391086162600575715e-01
4.531546713535687942e-01
5.468453286464310947e-01
5.545358103491356827e-01
5.621724717912135461e-01
4.454641896508642063e-01
5.697477765098072355e-01
5.772542485937367518e-01
4.378275282087861764e-01
5.846844800613227866e-01
5.920311381711693688e-01
4.302522234901925979e-01
5.992869726586950163e-01
6.064448228912681094e-01
4.227457514062630817e-01
6.134976249348865762e-01
6.204384185254286921e-01
4.153155199386772134e-01
6.272603539375927184e-01
4.079688618288305202e-01
6.339566987447490254e-01
6.405208444630324793e-01
4.007130273413048727e-01
6.469463130731182288e-01
3.935551771087317796e-01
6.532267634132440381e-01
3.865023750651133128e-01
6.593559974371723253e-01
6.653279663309129566e-01
3.795615814745709748e-01
6.711367764821720705e-01
3.727396460624070040e-01
6.767766952966367544e-01
6.822421568553528326e-01
3.660433012552508081e-01
6.875277674076147871e-01
3.594791555369672986e-01
6.926283106939471468e-01
3.530536869268817157e-01
6.975387530939224368e-01
3.467732365867559063e-01
3.406440025628276191e-01
7.022542485937367518e-01
7.067701435686403189e-01
3.346720336690870989e-01
7.110819813755037133e-01
7.151855067509857999e-01
3.288632235178278185e-01
7.190766700109657572e-01
7.227516310470919469e-01
3.232233047033629125e-01
7.262067631165047832e-01
7.294386564209951462e-01
7.324441214720628368e-01
7.352201922385563915e-01
7.377641290737882995e-01
3.177578431446468898e-01
7.400734214192355997e-01
7.421457902821577690e-01
3.124722325923849908e-01
7.439791904846867476e-01
7.455718126821720970e-01
3.073716893060525757e-01
7.469220851487843316e-01
3.024612469060772857e-01
7.480286753286192747e-01
7.488904911507699991e-01
2.977457514062630817e-01
7.495066821070678342e-01
7.498766400914328445e-01
2.932298564313596256e-01
2.889180186244962867e-01
7.499999999999998890e-01
2.848144932490140890e-01
7.498766400914329555e-01
7.495066821070679453e-01
2.809233299890340763e-01
7.488904911507699991e-01
2.772483689529078865e-01
7.480286753286194967e-01
2.737932368834949948e-01
7.469220851487844426e-01
2.705613435790045762e-01
7.455718126821722080e-01
2.675558785279371077e-01
7.439791904846868587e-01
2.647798077614436085e-01
7.421457902821577690e-01
2.622358709262115894e-01
7.400734214192357108e-01
2.599265785807641782e-01
7.377641290737884106e-01
2.578542097178421755e-01
7.352201922385563915e-01
2.560208095153130858e-01
7.324441214720628368e-01
2.544281873178277920e-01
7.294386564209952573e-01
2.530779148512156129e-01
7.262067631165048942e-01
2.519713246713805033e-01
7.227516310470919469e-01
2.511095088492300009e-01
7.190766700109658682e-01
2.504933178929321103e-01
7.151855067509859110e-01
2.501233599085671000e-01
7.110819813755037133e-01
2.500000000000000000e-01
7.067701435686404299e-01
2.501233599085671000e-01
7.022542485937368628e-01
2.504933178929321103e-01
6.975387530939225478e-01
2.511095088492300009e-01
2.519713246713806143e-01
6.926283106939472578e-01
2.530779148512156129e-01
2.544281873178277920e-01
2.560208095153130303e-01
6.875277674076148982e-01
2.578542097178421200e-01
2.599265785807642337e-01
6.822421568553528326e-01
2.622358709262115339e-01
2.647798077614435530e-01
2.675558785279371632e-01
6.767766952966368654e-01
2.705613435790046317e-01
6.711367764821721815e-01
2.737932368834950503e-01
6.653279663309129566e-01
2.772483689529080531e-01
6.593559974371724364e-01
2.809233299890340207e-01
6.532267634132440381e-01
2.848144932490140335e-01
6.469463130731183398e-01
2.889180186244961202e-01
6.405208444630327014e-01
6.339566987447492474e-01
2.932298564313595701e-01
2.977457514062630262e-01
6.272603539375927184e-01
3.024612469060773412e-01
6.204384185254288031e-01
3.073716893060525202e-01
6.134976249348866872e-01
3.124722325923850463e-01
6.064448228912682204e-01
3.177578431446470564e-01
5.992869726586952384e-01
3.232233047033631346e-01
5.920311381711695908e-01
3.288632235178278185e-01
5.846844800613227866e-01
3.346720336690869879e-01
3.406440025628275636e-01
5.772542485937368628e-01
3.467732365867558508e-01
5.697477765098073466e-01
3.530536869268818267e-01
3.594791555369673541e-01
5.621724717912137681e-01
3.660433012552509191e-01
3.727396460624072261e-01
5.545358103491356827e-01
3.795615814745710304e-01
5.468453286464310947e-01
3.865023750651132017e-01
3.935551771087318351e-01
5.391086162600577936e-01
4.007130273413048727e-01
4.079688618288304647e-01
5.313333083910761756e-01
4.227457514062631372e-01
4.153155199386771024e-01
5.235270783296286368e-01
4.378275282087862319e-01
4.302522234901928200e-01
4.454641896508643728e-01
5.156976298823283678e-01
4.531546713535687387e-01
4.608913837399423175e-01
4.686666916089238244e-01
4.764729216703714743e-01
4.843023701176716322e-01
4.921473102304679825e-01
4.999999999999999445e-01
5.078526897695320175e-01
